0.5GB|1GB|2GB|4GB|8GB

bc       
 748414126.875  512399534.375  454142964.250  453336442.250          0.000

bfs-dense
  80168785.875   79569106.375   77494215.875   77494215.875          0.000

dlrm     
 558986684.500  551640948.750  550632598.000  549534249.125          0.000

radix    
 640868644.750  637517339.250  637376016.750  637375718.750 2223755638.750

srad     
 245849656.000  239848194.875  230933429.875  230798870.750 2529539824.875

tpcc     
 380736773.500  204971546.250  204730070.250  204778238.625          0.000

ycsb     
 795862369.750  796214507.750  795734638.250  795748892.250          0.000