0.5GB|1GB|2GB|4GB|8GB

bc       
1135865423.000  713551147.000  582254815.000  580509755.000          0.000

bfs-dense
  81605335.000   81201855.000   79275075.000   79275075.000          0.000

dlrm     
 867225703.000  854971847.000  850324263.000  848767907.000          0.000

radix    
 653775415.000  653701695.000  653736875.000  653735615.000 2677507071.000

srad     
 256264225.000  247594125.000  238804525.000  239325685.000 3869505158.000

tpcc     
 382256777.000  206663309.000  206463729.000  206438361.000          0.000

ycsb     
 858770554.000  857293902.000  856732630.000  857437230.000          0.000