0.5MB|1MB|2MB|4MB|8MB|16MB|32MB|64MB|128MB|256MB

bc    
  172.000   167.000   161.000   161.000   161.000   161.000   161.000   160.000   159.000   156.000

radix 
 2324.000  2231.000  2187.000  2162.000  2153.000  2146.000  2142.000  2140.000  2140.000  2137.000

srad  
15039.000 12492.000 11229.000 10650.000 10324.000 10185.000 10100.000 10035.000 10035.000 10030.000

tpcc  
 5750.000       nan  4037.000  3436.000  2942.000  2512.000  2512.000  2511.000  2511.000  2509.000

ycsb-a
  328.000   333.000   326.000   324.000   323.000   329.000   329.000   296.000   296.000   260.000

ycsb-b
  142.000   140.000   139.000   145.000       nan   144.000   135.000   133.000   120.000   106.000