Base-CSSD|SkyByte-P|SkyByte-C|SkyByte-W|SkyByte-CP|SkyByte-WP|SkyByte-Full

bc       
1220.481   65.197  158.045  409.758   47.306   51.664   47.516

bfs-dense
     nan   79.830      nan      nan   48.911   63.143   48.913

radix    
 365.531  458.553  169.294  221.100   67.049  133.464   88.463

srad     
1108.343  852.585  158.204  325.613   56.269  277.432   70.767

tpcc     
 553.527   92.762  157.462  456.556   52.511  238.387   62.239

ycsb-a   
 763.083  156.341  158.268  265.641   79.063  126.180   80.553

ycsb-b   
 445.061  175.445      nan  275.881      nan  151.866      nan