Base-CSSD|SkyByte-P|SkyByte-C|SkyByte-W|SkyByte-WP|SkyByte-Full|DRAM-Only

bc
1777768935.000 271495815.000 1316548412.000 698803575.000 267692355.000 203890624.000 175358005

bfs-dense
131805683.000 108334971.000 74871461.000 83335223.000 80626075.000 43571295.000 21559579

dlrm
8433647599.000 6424412157.000 3455546511.000 1018589335.000 850324263.000 515964136.000  343799871

radix
1490517580.000 1475691596.000 914801534.000 1158392272.000 891989696.000 367553660.000  273848476.000

srad
628722967.000 587365843.000 480982691.000 397990015.000 365004783.000 246481456.000  171765643.000

tpcc
141455334.000 94250121.000 104353969.000 138288701.000 90460641.000 88059886.000  87931131

ycsb-a
3947613634.000 1099740954.000 3583959167.000 1392286574.000 988824168.000 869694903.000  781303348

ycsb-b
5055442984.000 1286753282.000 3908526631.000 1659312640.000 1318258260.000 888199019.000  755205491

geo. mean
1.0  0.50422 0.67264  0.44965  0.33249 0.32824  0.21957  0.16706