0.5MB|1MB|2MB|4MB|8MB|16MB|32MB|64MB|128MB|256MB

bc   
0.004 0.004 0.004 0.004 0.004 0.004 0.004 0.004 0.004 0.004

bfs-dense
0.023 0.023 0.023 0.023 0.023 0.023 0.023 0.023 0.023 0.023

dlrm     
0.110 0.110 0.110 0.110 0.110 0.110 0.110 0.110 0.110 0.110

radix
0.060 0.060 0.060 0.060 0.060 0.060 0.060 0.060 0.060 0.060

srad 
0.430 0.430 0.430 0.430 0.430 0.430 0.430 0.430 0.430 0.430

tpcc 
0.344 0.345 0.347 0.337 0.343 0.350 0.350 0.352 0.352 0.351

ycsb 
0.000 0.000 0.000 0.000 0.000 0.000 0.000 0.000 0.000 0.000