0.5MB|1MB|2MB|4MB|8MB|16MB|32MB|64MB|128MB|256MB

bc   
206687788.250 206615878.875 206634453.250 206733542.750 206708844.875 206622396.750 206621442.250 206652532.000 206604737.250 206707291.875

bfs-dense
80471619.875  80424981.875  80410772.875  80318351.375  80337849.875  80307122.875  80569161.375  79146087.875  79494215.875  79567754.375

dlrm     
835381259.000 701428101.500 598042508.000 565372784.000 557803098.500 553393406.000 550404135.500 550632598.000 550113536.000 551932412.500

radix
385844652.250 384679946.250 384492647.250 384652771.250 384773316.750 384841998.750 388873635.750 388872447.750 388871960.250 388806476.750

srad 
642052001.625 473808774.125 369637581.625 296107545.375 259154483.625 235929565.125 217499581.750 209847929.500 209847929.500 207588965.625

tpcc 
259295709.500 234969842.000 215767390.500 188549741.500 152735388.000 118264960.875 118264960.875 118785717.750 118785717.750 118733356.750

ycsb
946463870.000 945216302.500 948416799.000 946465306.000 950523134.000 955324374.875 969093644.375 978506003.000 978258350.000 979940145.500