0.5MB|1MB|2MB|4MB|8MB|16MB|32MB|64MB|128MB|256MB

bc    
 267551275.000  267734515.000  267336275.000  267610555.000  267640955.000  267352215.000  267343275.000  267692355.000  267408355.000  267435515.000

radix 
 885248796.000  881224256.000  881126376.000  881152576.000  881039936.000  881633216.000  891992896.000  891989696.000  891989696.000  891814336.000

srad  
 757674043.000  575472723.000  465695443.000  401034863.000  366636583.000  352724543.000  361150803.000  435227103.000  435227103.000  426787135.000

tpcc  
 261368087.000          0.000  215972221.000  189242581.000  154401321.000  119945021.000  119945021.000  120460641.000  120460641.000  120407821.000

ycsb-a
 980222938.000  979825294.000  981390058.000  980238658.000  976868468.000  979514242.000  978951462.000  984240972.000  984321932.000  995173656.000

ycsb-b
1117585854.000 1119749042.000 1133041680.000 1127954874.000          0.000 1155661620.000 1215052040.000 1318258260.000 1315698980.000 1141686594.000