8|16|24|32|40|48

bc    
206734950.750 203178844.000 202077025.125 202127351.375 201896159.125 201775316.375

radix 
388872447.750         0.000 366376426.750 359932247.000 355429602.000 353299813.000

srad  
208583076.500 200626320.250         0.000         0.000 192696847.625 192050037.500

tpcc  
118785717.750           nan  89949429.000  89186978.750  89342301.875  89385885.625

ycsb-a
940844259.875 848880239.625 844738478.250 849480156.000 841447711.250 833355511.375

ycsb-b
998506003.000         0.000         0.000         0.000 823350589.875 828519082.250