8(Skybyte-WP)|16|24|32|40|48

bc       
582254815.000 423953975.000 420793898.000 416677731.000 418235464.000 420264427.000

bfs-dense
 80626075.000  62451295.000  43571295.000  37175634.000  31766177.000  30451315.000

dlrm     
850324263.000 541750030.000 515964136.000 565542376.000 574882076.000 577283407.000

radix    
729985815.000 748216895.000 724658537.000 740568755.000 709673363.000 725596180.000

srad     
239009585.000 245154274.000 206894639.000 187418260.000 181460342.000 191251051.000

tpcc     
206617509.000 187874326.000 173365749.000 158061415.000 146319803.000 137253942.000

ycsb     
856615266.000 841997861.000 782814445.000 774004321.000 777758810.000 791668754.000