0.5MB|1MB|2MB|4MB|8MB|16MB|32MB|64MB|128MB|256MB

bc   
0.090 0.090 0.090 0.090 0.090 0.090 0.090 0.091 0.091 0.091

bfs-dense
0.211 0.211 0.211 0.211 0.211 0.211 0.211 0.211 0.211 0.211

dlrm     
0.202 0.202 0.201 0.201 0.201 0.201 0.201 0.202 0.201 0.202

radix
0.083 0.083 0.083 0.083 0.083 0.083 0.083 0.083 0.083 0.083

srad 
0.018 0.018 0.018 0.018 0.018 0.018 0.018 0.018 0.018 0.018

tpcc 
0.023 0.023 0.021 0.022 0.022 0.022 0.022 0.023 0.023 0.023

ycsb 
0.107 0.107 0.105 0.105 0.106 0.108 0.107 0.108 0.108 0.113