2801
94436542070784
140695592947712
140695624065024
140695855263744
140696415657984
140696415662080
140696415666176
140696415670272
140696415674368
140696415678464
140696415682560
140696415686656
140696415690752
140696415694848
140696415698944
140696415703040
140696415707136
140696415711232
140696415715328
140696415719424
140696415723520
140696415727616
140696415731712
140696415735808
140696415739904
140696415744000
140696415748096
140696415752192
140696415756288
140696415760384
140696415764480
140696415768576
140696415772672
140696415776768
140696415780864
140696415784960
140696415789056
140696415793152
140696415797248
140696415801344
140696415805440
140696415809536
140696415813632
140696415817728
140696415821824
140696415825920
140696415830016
140696415834112
140696415838208
140696415842304
140696415846400
140696415850496
140696415854592
140696415858688
140696415862784
140696415866880
140696415870976
140696415875072
140696415879168
140696415883264
140696415887360
140696415891456
140696415895552
140696415899648
140696415903744
140696415907840
140696415911936
140696415916032
140696415920128
140696415924224
140696415928320
140696415932416
140696415936512
140696415940608
140696415944704
140696415948800
140696415952896
140696415956992
140696415961088
140696415965184
140696415969280
140696415973376
140696415977472
140696415981568
140696415985664
140696415989760
140696415993856
140696415997952
140696416002048
140696416006144
140696416010240
140696416014336
140696416018432
140696416022528
140696416026624
140696416030720
140696416034816
140696416038912
140696416043008
140696416047104
140696416051200
140696416055296
140696416059392
140696416063488
140696416067584
140696416071680
140696416075776
140696416079872
140696416083968
140696416088064
140696416092160
140696416096256
140696750546944
140696750551040
140696750555136
140696750559232
140696750563328
140696750567424
140696750571520
140696750575616
140696750579712
140696750583808
140696750587904
140696750592000
140696750596096
140696750600192
140696750604288
140696750608384
140696750612480
140696750616576
140696750620672
140696750624768
140696750628864
140696750632960
140696750637056
140696750641152
140696750645248
140696750649344
140696750653440
140696750657536
140696750661632
140696750665728
140696750669824
140696750673920
140696750678016
140696750682112
140696750686208
140696750690304
140696750694400
140696750698496
140696750702592
140696750706688
140696750710784
140696750714880
140696750718976
140696750723072
140696750727168
140696750731264
140696750735360
140696750739456
140696750743552
140696750747648
140696750751744
140696750755840
140696750759936
140696750764032
140696750768128
140696750772224
140696750776320
140696750780416
140696750784512
140696750788608
140696750792704
140696750796800
140696750800896
140696750804992
140696750809088
140696750813184
140696750817280
140696750821376
140696750825472
140696750829568
140696750833664
140696750837760
140696750841856
140696750845952
140696750850048
140696750854144
140696750858240
140696750862336
140696750866432
140696750870528
140696750874624
140696750878720
140696750882816
140696750886912
140696750891008
140696750895104
140696750899200
140696750903296
140696750907392
140696750911488
140696750915584
140696750919680
140696750923776
140696750927872
140696750931968
140696750936064
140696750940160
140696750944256
140696750948352
140696750952448
140696750956544
140696750960640
140696750964736
140696750968832
140696750972928
140696750977024
140696750981120
140696750985216
140697117679616
140697117683712
140697117687808
140697117691904
140697117696000
140697117700096
140697117704192
140697117708288
140697117712384
140697117716480
140697117720576
140697117724672
140697117728768
140697117732864
140697117736960
140697117741056
140697117745152
140697117749248
140697117753344
140697117757440
140697117761536
140697117765632
140697117769728
140697117773824
140697117777920
140697117782016
140697117786112
140697117790208
140697117794304
140697117798400
140697117802496
140697117806592
140697117810688
140697117814784
140697117818880
140697117822976
140697117827072
140697117831168
140697117835264
140697117839360
140697117843456
140697117847552
140697117851648
140697117855744
140697117859840
140697117863936
140697117868032
140697117872128
140697117876224
140697117880320
140697117884416
140697117888512
140697117892608
140697117896704
140697117900800
140697117904896
140697117908992
140697117913088
140697117917184
140697117921280
140697117925376
140697117929472
140697117933568
140697117937664
140697117941760
140697117945856
140697117949952
140697117954048
140697117958144
140697117962240
140697117966336
140697117970432
140697117974528
140697117978624
140697117982720
140697117986816
140697117990912
140697117995008
140697117999104
140697118003200
140697118007296
140697118011392
140697118015488
140697118019584
140697118023680
140697118027776
140697118031872
140697118035968
140697118040064
140697118044160
140697118048256
140697118052352
140697118056448
140697118060544
140697118064640
140697118068736
140697118072832
140697118076928
140697118081024
140697118085120
140697118089216
140697118093312
140697118097408
140697118101504
140697118105600
140697118109696
140697118113792
140697118117888
140697484812288
140697484816384
140697484820480
140697484824576
140697484828672
140697484832768
140697484836864
140697484840960
140697484845056
140697484849152
140697484853248
140697484857344
140697484861440
140697484865536
140697484869632
140697484873728
140697484877824
140697484881920
140697484886016
140697484890112
140697484894208
140697484898304
140697484902400
140697484906496
140697484910592
140697484914688
140697484918784
140697484922880
140697484926976
140697484931072
140697484935168
140697484939264
140697484943360
140697484947456
140697484951552
140697484955648
140697484959744
140697484963840
140697484967936
140697484972032
140697484976128
140697484980224
140697484984320
140697484988416
140697484992512
140697484996608
140697485000704
140697485004800
140697485008896
140697485012992
140697485017088
140697485021184
140697485025280
140697485029376
140697485033472
140697485037568
140697485041664
140697485045760
140697485049856
140697485053952
140697485058048
140697485062144
140697485066240
140697485070336
140697485074432
140697485078528
140697485082624
140697485086720
140697485090816
140697485094912
140697485099008
140697485103104
140697485107200
140697485111296
140697485115392
140697485119488
140697485123584
140697485127680
140697485131776
140697485135872
140697485139968
140697485144064
140697485148160
140697485152256
140697485156352
140697485160448
140697485164544
140697485168640
140697485172736
140697485176832
140697485180928
140697485185024
140697485189120
140697485193216
140697485197312
140697485201408
140697485205504
140697485209600
140697485213696
140697485217792
140697485221888
140697485225984
140697485230080
140697485234176
140697485238272
140697485242368
140697485246464
140697485250560
140697885634560
140697885638656
140697885642752
140697885646848
140697885650944
140697885655040
140697885659136
140697885663232
140697885667328
140697885671424
140697885675520
140697885679616
140697885683712
140697885687808
140697885691904
140697885696000
140697885700096
140697885704192
140697885708288
140697885712384
140697885716480
140697885720576
140697885724672
140697885728768
140697885732864
140697885736960
140697885741056
140697885745152
140697885749248
140697885753344
140697885757440
140697885761536
140697885765632
140697885769728
140697885773824
140697885777920
140697885782016
140697885786112
140697885790208
140697885794304
140697885798400
140697885802496
140697885806592
140697885810688
140697885814784
140697885818880
140697885822976
140697885827072
140697885831168
140697885835264
140697885839360
140697885843456
140697885847552
140697885851648
140697885855744
140697885859840
140697885863936
140697885868032
140697885872128
140697885876224
140697885880320
140697885884416
140697885888512
140697885892608
140697885896704
140697885900800
140697885904896
140697885908992
140697885913088
140697885917184
140697885921280
140697885925376
140697885929472
140697885933568
140697885937664
140697885941760
140697885945856
140697885949952
140697885954048
140697885958144
140697885962240
140697885966336
140697885970432
140697885974528
140697885978624
140697885982720
140697885986816
140697885990912
140697885995008
140697885999104
140697886003200
140697886007296
140697886011392
140697886015488
140697886019584
140697886023680
140697886027776
140697886031872
140697886035968
140697886040064
140697886044160
140697886048256
140697886052352
140697886056448
140697886060544
140697886064640
140697886068736
140697886072832
140698220523520
140698220527616
140698220531712
140698220535808
140698220539904
140698220544000
140698220548096
140698220552192
140698220556288
140698220560384
140698220564480
140698220568576
140698220572672
140698220576768
140698220580864
140698220584960
140698220589056
140698220593152
140698220597248
140698220601344
140698220605440
140698220609536
140698220613632
140698220617728
140698220621824
140698220625920
140698220630016
140698220634112
140698220638208
140698220642304
140698220646400
140698220650496
140698220654592
140698220658688
140698220662784
140698220666880
140698220670976
140698220675072
140698220679168
140698220683264
140698220687360
140698220691456
140698220695552
140698220699648
140698220703744
140698220707840
140698220711936
140698220716032
140698220720128
140698220724224
140698220728320
140698220732416
140698220736512
140698220740608
140698220744704
140698220748800
140698220752896
140698220756992
140698220761088
140698220765184
140698220769280
140698220773376
140698220777472
140698220781568
140698220785664
140698220789760
140698220793856
140698220797952
140698220802048
140698220806144
140698220810240
140698220814336
140698220818432
140698220822528
140698220826624
140698220830720
140698220834816
140698220838912
140698220843008
140698220847104
140698220851200
140698220855296
140698220859392
140698220863488
140698220867584
140698220871680
140698220875776
140698220879872
140698220883968
140698220888064
140698220892160
140698220896256
140698220900352
140698220904448
140698220908544
140698220912640
140698220916736
140698220920832
140698220924928
140698220929024
140698220933120
140698220937216
140698220941312
140698220945408
140698220949504
140698220953600
140698220957696
140698220961792
140698587656192
140698587660288
140698587664384
140698587668480
140698587672576
140698587676672
140698587680768
140698587684864
140698587688960
140698587693056
140698587697152
140698587701248
140698587705344
140698587709440
140698587713536
140698587717632
140698587721728
140698587725824
140698587729920
140698587734016
140698587738112
140698587742208
140698587746304
140698587750400
140698587754496
140698587758592
140698587762688
140698587766784
140698587770880
140698587774976
140698587779072
140698587783168
140698587787264
140698587791360
140698587795456
140698587799552
140698587803648
140698587807744
140698587811840
140698587815936
140698587820032
140698587824128
140698587828224
140698587832320
140698587836416
140698587840512
140698587844608
140698587848704
140698587852800
140698587856896
140698587860992
140698587865088
140698587869184
140698587873280
140698587877376
140698587881472
140698587885568
140698587889664
140698587893760
140698587897856
140698587901952
140698587906048
140698587910144
140698587914240
140698587918336
140698587922432
140698587926528
140698587930624
140698587934720
140698587938816
140698587942912
140698587947008
140698587951104
140698587955200
140698587959296
140698587963392
140698587967488
140698587971584
140698587975680
140698587979776
140698587983872
140698587987968
140698587992064
140698587996160
140698588000256
140698588004352
140698588008448
140698588012544
140698588016640
140698588020736
140698588024832
140698588028928
140698588033024
140698588037120
140698588041216
140698588045312
140698588049408
140698588053504
140698588057600
140698588061696
140698588065792
140698588069888
140698588073984
140698588078080
140698588082176
140698588086272
140698588090368
140698588094464
140698954788864
140698954792960
140698954797056
140698954801152
140698954805248
140698954809344
140698954813440
140698954817536
140698954821632
140698954825728
140698954829824
140698954833920
140698954838016
140698954842112
140698954846208
140698954850304
140698954854400
140698954858496
140698954862592
140698954866688
140698954870784
140698954874880
140698954878976
140698954883072
140698954887168
140698954891264
140698954895360
140698954899456
140698954903552
140698954907648
140698954911744
140698954915840
140698954919936
140698954924032
140698954928128
140698954932224
140698954936320
140698954940416
140698954944512
140698954948608
140698954952704
140698954956800
140698954960896
140698954964992
140698954969088
140698954973184
140698954977280
140698954981376
140698954985472
140698954989568
140698954993664
140698954997760
140698955001856
140698955005952
140698955010048
140698955014144
140698955018240
140698955022336
140698955026432
140698955030528
140698955034624
140698955038720
140698955042816
140698955046912
140698955051008
140698955055104
140698955059200
140698955063296
140698955067392
140698955071488
140698955075584
140698955079680
140698955083776
140698955087872
140698955091968
140698955096064
140698955100160
140698955104256
140698955108352
140698955112448
140698955116544
140698955120640
140698955124736
140698955128832
140698955132928
140698955137024
140698955141120
140698955145216
140698955149312
140698955153408
140698955157504
140698955161600
140698955165696
140698955169792
140698955173888
140698955177984
140698955182080
140698955186176
140698955190272
140698955194368
140698955198464
140698955202560
140698955206656
140698955210752
140698955214848
140698955218944
140698955223040
140698955227136
140699355615232
140699355619328
140699355623424
140699355627520
140699355631616
140699355635712
140699355639808
140699355643904
140699355648000
140699355652096
140699355656192
140699355660288
140699355664384
140699355668480
140699355672576
140699355676672
140699355680768
140699355684864
140699355688960
140699355693056
140699355697152
140699355701248
140699355705344
140699355709440
140699355713536
140699355717632
140699355721728
140699355725824
140699355729920
140699355734016
140699355738112
140699355742208
140699355746304
140699355750400
140699355754496
140699355758592
140699355762688
140699355766784
140699355770880
140699355774976
140699355779072
140699355783168
140699355787264
140699355791360
140699355795456
140699355799552
140699355803648
140699355807744
140699355811840
140699355815936
140699355820032
140699355824128
140699355828224
140699355832320
140699355836416
140699355840512
140699355844608
140699355848704
140699355852800
140699355856896
140699355860992
140699355865088
140699355869184
140699355873280
140699355877376
140699355881472
140699355885568
140699355889664
140699355893760
140699355897856
140699355901952
140699355906048
140699355910144
140699355914240
140699355918336
140699355922432
140699355926528
140699355930624
140699355934720
140699355938816
140699355942912
140699355947008
140699355951104
140699355955200
140699355959296
140699355963392
140699355967488
140699355971584
140699355975680
140699355979776
140699355983872
140699355987968
140699355992064
140699355996160
140699356000256
140699356004352
140699356008448
140699356012544
140699356016640
140699356020736
140699356024832
140699356028928
140699356033024
140699356037120
140699356041216
140699356045312
140699356049408
140699356053504
140699690504192
140699690508288
140699690512384
140699690516480
140699690520576
140699690524672
140699690528768
140699690532864
140699690536960
140699690541056
140699690545152
140699690549248
140699690553344
140699690557440
140699690561536
140699690565632
140699690569728
140699690573824
140699690577920
140699690582016
140699690586112
140699690590208
140699690594304
140699690598400
140699690602496
140699690606592
140699690610688
140699690614784
140699690618880
140699690622976
140699690627072
140699690631168
140699690635264
140699690639360
140699690643456
140699690647552
140699690651648
140699690655744
140699690659840
140699690663936
140699690668032
140699690672128
140699690676224
140699690680320
140699690684416
140699690688512
140699690692608
140699690696704
140699690700800
140699690704896
140699690708992
140699690713088
140699690717184
140699690721280
140699690725376
140699690729472
140699690733568
140699690737664
140699690741760
140699690745856
140699690749952
140699690754048
140699690758144
140699690762240
140699690766336
140699690770432
140699690774528
140699690778624
140699690782720
140699690786816
140699690790912
140699690795008
140699690799104
140699690803200
140699690807296
140699690811392
140699690815488
140699690819584
140699690823680
140699690827776
140699690831872
140699690835968
140699690840064
140699690844160
140699690848256
140699690852352
140699690856448
140699690860544
140699690864640
140699690868736
140699690872832
140699690876928
140699690881024
140699690885120
140699690889216
140699690893312
140699690897408
140699690901504
140699690905600
140699690909696
140699690913792
140699690917888
140699690921984
140699690926080
140699690930176
140699690934272
140699690938368
140699690942464
140700057636864
140700057640960
140700057645056
140700057649152
140700057653248
140700057657344
140700057661440
140700057665536
140700057669632
140700057673728
140700057677824
140700057681920
140700057686016
140700057690112
140700057694208
140700057698304
140700057702400
140700057706496
140700057710592
140700057714688
140700057718784
140700057722880
140700057726976
140700057731072
140700057735168
140700057739264
140700057743360
140700057747456
140700057751552
140700057755648
140700057759744
140700057763840
140700057767936
140700057772032
140700057776128
140700057780224
140700057784320
140700057788416
140700057792512
140700057796608
140700057800704
140700057804800
140700057808896
140700057812992
140700057817088
140700057821184
140700057825280
140700057829376
140700057833472
140700057837568
140700057841664
140700057845760
140700057849856
140700057853952
140700057858048
140700057862144
140700057866240
140700057870336
140700057874432
140700057878528
140700057882624
140700057886720
140700057890816
140700057894912
140700057899008
140700057903104
140700057907200
140700057911296
140700057915392
140700057919488
140700057923584
140700057927680
140700057931776
140700057935872
140700057939968
140700057944064
140700057948160
140700057952256
140700057956352
140700057960448
140700057964544
140700057968640
140700057972736
140700057976832
140700057980928
140700057985024
140700057989120
140700057993216
140700057997312
140700058001408
140700058005504
140700058009600
140700058013696
140700058017792
140700058021888
140700058025984
140700058030080
140700058034176
140700058038272
140700058042368
140700058046464
140700058050560
140700058054656
140700058058752
140700058062848
140700058066944
140700058071040
140700058075136
140700424769536
140700424773632
140700424777728
140700424781824
140700424785920
140700424790016
140700424794112
140700424798208
140700424802304
140700424806400
140700424810496
140700424814592
140700424818688
140700424822784
140700424826880
140700424830976
140700424835072
140700424839168
140700424843264
140700424847360
140700424851456
140700424855552
140700424859648
140700424863744
140700424867840
140700424871936
140700424876032
140700424880128
140700424884224
140700424888320
140700424892416
140700424896512
140700424900608
140700424904704
140700424908800
140700424912896
140700424916992
140700424921088
140700424925184
140700424929280
140700424933376
140700424937472
140700424941568
140700424945664
140700424949760
140700424953856
140700424957952
140700424962048
140700424966144
140700424970240
140700424974336
140700424978432
140700424982528
140700424986624
140700424990720
140700424994816
140700424998912
140700425003008
140700425007104
140700425011200
140700425015296
140700425019392
140700425023488
140700425027584
140700425031680
140700425035776
140700425039872
140700425043968
140700425048064
140700425052160
140700425056256
140700425060352
140700425064448
140700425068544
140700425072640
140700425076736
140700425080832
140700425084928
140700425089024
140700425093120
140700425097216
140700425101312
140700425105408
140700425109504
140700425113600
140700425117696
140700425121792
140700425125888
140700425129984
140700425134080
140700425138176
140700425142272
140700425146368
140700425150464
140700425154560
140700425158656
140700425162752
140700425166848
140700425170944
140700425175040
140700425179136
140700425183232
140700425187328
140700425191424
140700425195520
140700425199616
140700425203712
140700425207808
140700825600000
140700825604096
140700825608192
140700825612288
140700825616384
140700825620480
140700825624576
140700825628672
140700825632768
140700825636864
140700825640960
140700825645056
140700825649152
140700825653248
140700825657344
140700825661440
140700825665536
140700825669632
140700825673728
140700825677824
140700825681920
140700825686016
140700825690112
140700825694208
140700825698304
140700825702400
140700825706496
140700825710592
140700825714688
140700825718784
140700825722880
140700825726976
140700825731072
140700825735168
140700825739264
140700825743360
140700825747456
140700825751552
140700825755648
140700825759744
140700825763840
140700825767936
140700825772032
140700825776128
140700825780224
140700825784320
140700825788416
140700825792512
140700825796608
140700825800704
140700825804800
140700825808896
140700825812992
140700825817088
140700825821184
140700825825280
140700825829376
140700825833472
140700825837568
140700825841664
140700825845760
140700825849856
140700825853952
140700825858048
140700825862144
140700825866240
140700825870336
140700825874432
140700825878528
140700825882624
140700825886720
140700825890816
140700825894912
140700825899008
140700825903104
140700825907200
140700825911296
140700825915392
140700825919488
140700825923584
140700825927680
140700825931776
140700825935872
140700825939968
140700825944064
140700825948160
140700825952256
140700825956352
140700825960448
140700825964544
140700825968640
140700825972736
140700825976832
140700825980928
140700825985024
140700825989120
140700825993216
140700825997312
140700826001408
140700826005504
140700826009600
140700826013696
140700826017792
140700826021888
140700826025984
140700826030080
140700826034176
140700826038272
140701160488960
140701160493056
140701160497152
140701160501248
140701160505344
140701160509440
140701160513536
140701160517632
140701160521728
140701160525824
140701160529920
140701160534016
140701160538112
140701160542208
140701160546304
140701160550400
140701160554496
140701160558592
140701160562688
140701160566784
140701160570880
140701160574976
140701160579072
140701160583168
140701160587264
140701160591360
140701160595456
140701160599552
140701160603648
140701160607744
140701160611840
140701160615936
140701160620032
140701160624128
140701160628224
140701160632320
140701160636416
140701160640512
140701160644608
140701160648704
140701160652800
140701160656896
140701160660992
140701160665088
140701160669184
140701160673280
140701160677376
140701160681472
140701160685568
140701160689664
140701160693760
140701160697856
140701160701952
140701160706048
140701160710144
140701160714240
140701160718336
140701160722432
140701160726528
140701160730624
140701160734720
140701160738816
140701160742912
140701160747008
140701160751104
140701160755200
140701160759296
140701160763392
140701160767488
140701160771584
140701160775680
140701160779776
140701160783872
140701160787968
140701160792064
140701160796160
140701160800256
140701160804352
140701160808448
140701160812544
140701160816640
140701160820736
140701160824832
140701160828928
140701160833024
140701160837120
140701160841216
140701160845312
140701160849408
140701160853504
140701160857600
140701160861696
140701160865792
140701160869888
140701160873984
140701160878080
140701160882176
140701160886272
140701160890368
140701160894464
140701160898560
140701160902656
140701160906752
140701160910848
140701160914944
140701160919040
140701160923136
140701160927232
140701527621632
140701527625728
140701527629824
140701527633920
140701527638016
140701527642112
140701527646208
140701527650304
140701527654400
140701527658496
140701527662592
140701527666688
140701527670784
140701527674880
140701527678976
140701527683072
140701527687168
140701527691264
140701527695360
140701527699456
140701527703552
140701527707648
140701527711744
140701527715840
140701527719936
140701527724032
140701527728128
140701527732224
140701527736320
140701527740416
140701527744512
140701527748608
140701527752704
140701527756800
140701527760896
140701527764992
140701527769088
140701527773184
140701527777280
140701527781376
140701527785472
140701527789568
140701527793664
140701527797760
140701527801856
140701527805952
140701527810048
140701527814144
140701527818240
140701527822336
140701527826432
140701527830528
140701527834624
140701527838720
140701527842816
140701527846912
140701527851008
140701527855104
140701527859200
140701527863296
140701527867392
140701527871488
140701527875584
140701527879680
140701527883776
140701527887872
140701527891968
140701527896064
140701527900160
140701527904256
140701527908352
140701527912448
140701527916544
140701527920640
140701527924736
140701527928832
140701527932928
140701527937024
140701527941120
140701527945216
140701527949312
140701527953408
140701527957504
140701527961600
140701527965696
140701527969792
140701527973888
140701527977984
140701527982080
140701527986176
140701527990272
140701527994368
140701527998464
140701528002560
140701528006656
140701528010752
140701528014848
140701528018944
140701528023040
140701528027136
140701528031232
140701528035328
140701528039424
140701528043520
140701528047616
140701528051712
140701528055808
140701528059904
140701894754304
140701894758400
140701894762496
140701894766592
140701894770688
140701894774784
140701894778880
140701894782976
140701894787072
140701894791168
140701894795264
140701894799360
140701894803456
140701894807552
140701894811648
140701894815744
140701894819840
140701894823936
140701894828032
140701894832128
140701894836224
140701894840320
140701894844416
140701894848512
140701894852608
140701894856704
140701894860800
140701894864896
140701894868992
140701894873088
140701894877184
140701894881280
140701894885376
140701894889472
140701894893568
140701894897664
140701894901760
140701894905856
140701894909952
140701894914048
140701894918144
140701894922240
140701894926336
140701894930432
140701894934528
140701894938624
140701894942720
140701894946816
140701894950912
140701894955008
140701894959104
140701894963200
140701894967296
140701894971392
140701894975488
140701894979584
140701894983680
140701894987776
140701894991872
140701894995968
140701895000064
140701895004160
140701895008256
140701895012352
140701895016448
140701895020544
140701895024640
140701895028736
140701895032832
140701895036928
140701895041024
140701895045120
140701895049216
140701895053312
140701895057408
140701895061504
140701895065600
140701895069696
140701895073792
140701895077888
140701895081984
140701895086080
140701895090176
140701895094272
140701895098368
140701895102464
140701895106560
140701895110656
140701895114752
140701895118848
140701895122944
140701895127040
140701895131136
140701895135232
140701895139328
140701895143424
140701895147520
140701895151616
140701895155712
140701895159808
140701895163904
140701895168000
140701895172096
140701895176192
140701895180288
140701895184384
140701895188480
140701895192576
140702295580672
140702295584768
140702295588864
140702295592960
140702295597056
140702295601152
140702295605248
140702295609344
140702295613440
140702295617536
140702295621632
140702295625728
140702295629824
140702295633920
140702295638016
140702295642112
140702295646208
140702295650304
140702295654400
140702295658496
140702295662592
140702295666688
140702295670784
140702295674880
140702295678976
140702295683072
140702295687168
140702295691264
140702295695360
140702295699456
140702295703552
140702295707648
140702295711744
140702295715840
140702295719936
140702295724032
140702295728128
140702295732224
140702295736320
140702295740416
140702295744512
140702295748608
140702295752704
140702295756800
140702295760896
140702295764992
140702295769088
140702295773184
140702295777280
140702295781376
140702295785472
140702295789568
140702295793664
140702295797760
140702295801856
140702295805952
140702295810048
140702295814144
140702295818240
140702295822336
140702295826432
140702295830528
140702295834624
140702295838720
140702295842816
140702295846912
140702295851008
140702295855104
140702295859200
140702295863296
140702295867392
140702295871488
140702295875584
140702295879680
140702295883776
140702295887872
140702295891968
140702295896064
140702295900160
140702295904256
140702295908352
140702295912448
140702295916544
140702295920640
140702295924736
140702295928832
140702295932928
140702295937024
140702295941120
140702295945216
140702295949312
140702295953408
140702295957504
140702295961600
140702295965696
140702295969792
140702295973888
140702295977984
140702295982080
140702295986176
140702295990272
140702295994368
140702295998464
140702296002560
140702296006656
140702296010752
140702296014848
140702296018944
140702630469632
140702630473728
140702630477824
140702630481920
140702630486016
140702630490112
140702630494208
140702630498304
140702630502400
140702630506496
140702630510592
140702630514688
140702630518784
140702630522880
140702630526976
140702630531072
140702630535168
140702630539264
140702630543360
140702630547456
140702630551552
140702630555648
140702630559744
140702630563840
140702630567936
140702630572032
140702630576128
140702630580224
140702630584320
140702630588416
140702630592512
140702630596608
140702630600704
140702630604800
140702630608896
140702630612992
140702630617088
140702630621184
140702630625280
140702630629376
140702630633472
140702630637568
140702630641664
140702630645760
140702630649856
140702630653952
140702630658048
140702630662144
140702630666240
140702630670336
140702630674432
140702630678528
140702630682624
140702630686720
140702630690816
140702630694912
140702630699008
140702630703104
140702630707200
140702630711296
140702630715392
140702630719488
140702630723584
140702630727680
140702630731776
140702630735872
140702630739968
140702630744064
140702630748160
140702630752256
140702630756352
140702630760448
140702630764544
140702630768640
140702630772736
140702630776832
140702630780928
140702630785024
140702630789120
140702630793216
140702630797312
140702630801408
140702630805504
140702630809600
140702630813696
140702630817792
140702630821888
140702630825984
140702630830080
140702630834176
140702630838272
140702630842368
140702630846464
140702630850560
140702630854656
140702630858752
140702630862848
140702630866944
140702630871040
140702630875136
140702630879232
140702630883328
140702630887424
140702630891520
140702630895616
140702630899712
140702630903808
140702630907904
140702997602304
140702997606400
140702997610496
140702997614592
140702997618688
140702997622784
140702997626880
140702997630976
140702997635072
140702997639168
140702997643264
140702997647360
140702997651456
140702997655552
140702997659648
140702997663744
140702997667840
140702997671936
140702997676032
140702997680128
140702997684224
140702997688320
140702997692416
140702997696512
140702997700608
140702997704704
140702997708800
140702997712896
140702997716992
140702997721088
140702997725184
140702997729280
140702997733376
140702997737472
140702997741568
140702997745664
140702997749760
140702997753856
140702997757952
140702997762048
140702997766144
140702997770240
140702997774336
140702997778432
140702997782528
140702997786624
140702997790720
140702997794816
140702997798912
140702997803008
140702997807104
140702997811200
140702997815296
140702997819392
140702997823488
140702997827584
140702997831680
140702997835776
140702997839872
140702997843968
140702997848064
140702997852160
140702997856256
140702997860352
140702997864448
140702997868544
140702997872640
140702997876736
140702997880832
140702997884928
140702997889024
140702997893120
140702997897216
140702997901312
140702997905408
140702997909504
140702997913600
140702997917696
140702997921792
140702997925888
140702997929984
140702997934080
140702997938176
140702997942272
140702997946368
140702997950464
140702997954560
140702997958656
140702997962752
140702997966848
140702997970944
140702997975040
140702997979136
140702997983232
140702997987328
140702997991424
140702997995520
140702997999616
140702998003712
140702998007808
140702998011904
140702998016000
140702998020096
140702998024192
140702998028288
140702998032384
140702998036480
140702998040576
140703364734976
140703364739072
140703364743168
140703364747264
140703364751360
140703364755456
140703364759552
140703364763648
140703364767744
140703364771840
140703364775936
140703364780032
140703364784128
140703364788224
140703364792320
140703364796416
140703364800512
140703364804608
140703364808704
140703364812800
140703364816896
140703364820992
140703364825088
140703364829184
140703364833280
140703364837376
140703364841472
140703364845568
140703364849664
140703364853760
140703364857856
140703364861952
140703364866048
140703364870144
140703364874240
140703364878336
140703364882432
140703364886528
140703364890624
140703364894720
140703364898816
140703364902912
140703364907008
140703364911104
140703364915200
140703364919296
140703364923392
140703364927488
140703364931584
140703364935680
140703364939776
140703364943872
140703364947968
140703364952064
140703364956160
140703364960256
140703364964352
140703364968448
140703364972544
140703364976640
140703364980736
140703364984832
140703364988928
140703364993024
140703364997120
140703365001216
140703365005312
140703365009408
140703365013504
140703365017600
140703365021696
140703365025792
140703365029888
140703365033984
140703365038080
140703365042176
140703365046272
140703365050368
140703365054464
140703365058560
140703365062656
140703365066752
140703365070848
140703365074944
140703365079040
140703365083136
140703365087232
140703365091328
140703365095424
140703365099520
140703365103616
140703365107712
140703365111808
140703365115904
140703365120000
140703365124096
140703365128192
140703365132288
140703365136384
140703365140480
140703365144576
140703365148672
140703365152768
140703365156864
140703365160960
140703365165056
140703365169152
140703365173248
140703614898176
140703614914560
140703614935040
140703614951424
140703616491520
140703616507904
140703616528384
140703616544768
140703619043328
140703619047424
140703619051520
140703619055616
140703619059712
140703619063808
140703619067904
140703619072000
140703619076096
140703619080192
140703619084288
140703619088384
140703619092480
140703619096576
140703619100672
140703619104768
140703619108864
140703619112960
140703619117056
140703619121152
140703620653056
140703620657152
140703620661248
140703620665344
140703620669440
140703620673536
140703620677632
140703620681728
140703620685824
140703620689920
140703620694016
140703620698112
140703620702208
140703620706304
140703620710400
140703620714496
140703620718592
140703620722688
140703620726784
140703620730880
140703807561728
140703807565824
140703807569920
140703807574016
140703807578112
140703807582208
140703807586304
140703807590400
140703807594496
140703807598592
140703807602688
140703807606784
140703807610880
140703807614976
140703807619072
140703807623168
140703807627264
140703807631360
140703807635456
140703807639552
140703807643648
140703807647744
140703807651840
140703807655936
140703807660032
140703807664128
140703807668224
140703807672320
140703807676416
140703807680512
140703807684608
140703807688704
140703807692800
140703807696896
140703807700992
140703807705088
140703807709184
140703807713280
140703807717376
140703807721472
140703807725568
140703807729664
140703807733760
140703807737856
140703807741952
140703807746048
140703807750144
140703807754240
140703807758336
140703807762432
140703807766528
140703807770624
140703807774720
140703807778816
140703807782912
140703807787008
140703807791104
140703807795200
140703807799296
140703807803392
140703807807488
140703807811584
140703807815680
140703807819776
140703807823872
140703807827968
140703807832064
140703807836160
140703807840256
140703807844352
140703807848448
140703807852544
140703807856640
140703807860736
140703807864832
140703807868928
140703807873024
140703807877120
140703807881216
140703807885312
140703807889408
140703807893504
140703807897600
140703807901696
140703807905792
140703807909888
140703807913984
140703807918080
140703807922176
140703807926272
140703807930368
140703807934464
140703807938560
140703807942656
140703807946752
140703807950848
140703807954944
140703807959040
140703807963136
140703807967232
140703807971328
140703807975424
140703807979520
140703807983616
140703807987712
140703807991808
140703807995904
140703808000000
140703808004096
140703808008192
140703808012288
140703808016384
140703808020480
140703808024576
140703808028672
140703808032768
140703808036864
140703808040960
140703808045056
140703808049152
140703808053248
140703808057344
140703808061440
140703808065536
140703808069632
140703808073728
140703808077824
140703808081920
140703808086016
140703808090112
140703808094208
140703808098304
140703808102400
140703808106496
140703808110592
140703808114688
140703808118784
140703808122880
140703808126976
140703808131072
140703808135168
140703808139264
140703808143360
140703808147456
140703808151552
140703808155648
140703808159744
140704142446592
140704142450688
140704142454784
140704142458880
140704142462976
140704142467072
140704142471168
140704142475264
140704142479360
140704142483456
140704142487552
140704142491648
140704142495744
140704142499840
140704142503936
140704142508032
140704142512128
140704142516224
140704142520320
140704142524416
140704142528512
140704142532608
140704142536704
140704142540800
140704142544896
140704142548992
140704142553088
140704142557184
140704142561280
140704142565376
140704142569472
140704142573568
140704142577664
140704142581760
140704142585856
140704142589952
140704142594048
140704142598144
140704142602240
140704142606336
140704142610432
140704142614528
140704142618624
140704142622720
140704142626816
140704142630912
140704142635008
140704142639104
140704142643200
140704142647296
140704142651392
140704142655488
140704142659584
140704142663680
140704142667776
140704142671872
140704142675968
140704142680064
140704142684160
140704142688256
140704142692352
140704142696448
140704142700544
140704142704640
140704142708736
140704142712832
140704142716928
140704142721024
140704142725120
140704142729216
140704142733312
140704142737408
140704142741504
140704142745600
140704142749696
140704142753792
140704142757888
140704142761984
140704142766080
140704142770176
140704142774272
140704142778368
140704142782464
140704142786560
140704142790656
140704142794752
140704142798848
140704142802944
140704142807040
140704142811136
140704142815232
140704142819328
140704142823424
140704142827520
140704142831616
140704142835712
140704142839808
140704142843904
140704142848000
140704142852096
140704142856192
140704142860288
140704142864384
140704142868480
140704142872576
140704142876672
140704142880768
140704142884864
140704142888960
140704142893056
140704142897152
140704142901248
140704142905344
140704142909440
140704142913536
140704142917632
140704142921728
140704142925824
140704142929920
140704142934016
140704142938112
140704142942208
140704142946304
140704142950400
140704142954496
140704142958592
140704142962688
140704142966784
140704142970880
140704142974976
140704142979072
140704142983168
140704142987264
140704142991360
140704142995456
140704142999552
140704143003648
140704143007744
140704143011840
140704143015936
140704143020032
140704143024128
140704143028224
140704143032320
140704143036416
140704143040512
140704143044608
140704509579264
140704509583360
140704509587456
140704509591552
140704509595648
140704509599744
140704509603840
140704509607936
140704509612032
140704509616128
140704509620224
140704509624320
140704509628416
140704509632512
140704509636608
140704509640704
140704509644800
140704509648896
140704509652992
140704509657088
140704509661184
140704509665280
140704509669376
140704509673472
140704509677568
140704509681664
140704509685760
140704509689856
140704509693952
140704509698048
140704509702144
140704509706240
140704509710336
140704509714432
140704509718528
140704509722624
140704509726720
140704509730816
140704509734912
140704509739008
140704509743104
140704509747200
140704509751296
140704509755392
140704509759488
140704509763584
140704509767680
140704509771776
140704509775872
140704509779968
140704509784064
140704509788160
140704509792256
140704509796352
140704509800448
140704509804544
140704509808640
140704509812736
140704509816832
140704509820928
140704509825024
140704509829120
140704509833216
140704509837312
140704509841408
140704509845504
140704509849600
140704509853696
140704509857792
140704509861888
140704509865984
140704509870080
140704509874176
140704509878272
140704509882368
140704509886464
140704509890560
140704509894656
140704509898752
140704509902848
140704509906944
140704509911040
140704509915136
140704509919232
140704509923328
140704509927424
140704509931520
140704509935616
140704509939712
140704509943808
140704509947904
140704509952000
140704509956096
140704509960192
140704509964288
140704509968384
140704509972480
140704509976576
140704509980672
140704509984768
140704509988864
140704509992960
140704509997056
140704510001152
140704510005248
140704510009344
140704510013440
140704510017536
140704510021632
140704510025728
140704510029824
140704510033920
140704510038016
140704510042112
140704510046208
140704510050304
140704510054400
140704510058496
140704510062592
140704510066688
140704510070784
140704510074880
140704510078976
140704510083072
140704510087168
140704510091264
140704510095360
140704510099456
140704510103552
140704510107648
140704510111744
140704510115840
140704510119936
140704510124032
140704510128128
140704510132224
140704510136320
140704510140416
140704510144512
140704510148608
140704510152704
140704510156800
140704510160896
140704510164992
140704510169088
140704510173184
140704510177280
140704876711936
140704876716032
140704876720128
140704876724224
140704876728320
140704876732416
140704876736512
140704876740608
140704876744704
140704876748800
140704876752896
140704876756992
140704876761088
140704876765184
140704876769280
140704876773376
140704876777472
140704876781568
140704876785664
140704876789760
140704876793856
140704876797952
140704876802048
140704876806144
140704876810240
140704876814336
140704876818432
140704876822528
140704876826624
140704876830720
140704876834816
140704876838912
140704876843008
140704876847104
140704876851200
140704876855296
140704876859392
140704876863488
140704876867584
140704876871680
140704876875776
140704876879872
140704876883968
140704876888064
140704876892160
140704876896256
140704876900352
140704876904448
140704876908544
140704876912640
140704876916736
140704876920832
140704876924928
140704876929024
140704876933120
140704876937216
140704876941312
140704876945408
140704876949504
140704876953600
140704876957696
140704876961792
140704876965888
140704876969984
140704876974080
140704876978176
140704876982272
140704876986368
140704876990464
140704876994560
140704876998656
140704877002752
140704877006848
140704877010944
140704877015040
140704877019136
140704877023232
140704877027328
140704877031424
140704877035520
140704877039616
140704877043712
140704877047808
140704877051904
140704877056000
140704877060096
140704877064192
140704877068288
140704877072384
140704877076480
140704877080576
140704877084672
140704877088768
140704877092864
140704877096960
140704877101056
140704877105152
140704877109248
140704877113344
140704877117440
140704877121536
140704877125632
140704877129728
140704877133824
140704877137920
140704877142016
140704877146112
140704877150208
140704877154304
140704877158400
140704877162496
140704877166592
140704877170688
140704877174784
140704877178880
140704877182976
140704877187072
140704877191168
140704877195264
140704877199360
140704877203456
140704877207552
140704877211648
140704877215744
140704877219840
140704877223936
140704877228032
140704877232128
140704877236224
140704877240320
140704877244416
140704877248512
140704877252608
140704877256704
140704877260800
140704877264896
140704877268992
140704877273088
140704877277184
140704877281280
140704877285376
140704877289472
140704877293568
140704877297664
140704877301760
140704877305856
140704877309952
140729984020480
70407
