2300
135647232
135651328
135655424
137793536
150958080
150962176
151089152
151093248
151203840
151207936
158769152
158773248
162295808
162299904
162304000
186081280
186085376
186245120
186249216
186253312
186388480
186392576
139622743875584
139622878093312
139622945202176
139624703860736
139624705863680
139624706592768
139624707649536
139624707682304
139624708792320
139624710475776
139624710590464
139624714805248
139624714821632
139624715608064
139624716099584
139624716189696
139624716382208
139624717365248
139624717901824
139624718835712
139624720121856
139624720179200
139624721014784
139624721088512
139624727547904
139624728756224
139624728784896
139624728788992
139624729411584
139624730206208
139624730517504
139624730664960
139624730824704
139624730828800
139624731205632
139624733282304
139624733626368
139624733659136
139624738279424
139624738283520
139624738418688
139624740319232
139624741531648
139624741687296
139624744800256
139624745078784
139624745082880
139624747802624
139624748666880
139624749502464
139624755642368
139624755810304
139624756125696
139624756621312
139624757071872
139624765161472
139624768012288
139624768507904
139624768512000
139624769323008
139624770142208
139624770732032
139624771063808
139624771584000
139624772395008
139624773730304
139624774668288
139624775389184
139624775847936
139624776044544
139624776482816
139624779231232
139624781127680
139624787677184
139624787877888
139624787881984
139624792154112
139624792858624
139624792862720
139624792961024
139624794882048
139624797081600
139624797085696
139624797241344
139624797245440
139624799559680
139624801218560
139624801312768
139624802197504
139624802770944
139624803889152
139624805072896
139624805076992
139624806084608
139624806428672
139624806604800
139624807555072
139624808120320
139624808939520
139624812990464
139624815050752
139624815337472
139624816545792
139624816644096
139624817422336
139624817561600
139624818094080
139624818167808
139624821960704
139624823263232
139624823664640
139624824188928
139624824807424
139624825344000
139624826216448
139624826220544
139624827510784
139624827834368
139624827838464
139624828145664
139624828657664
139624828805120
139624830939136
139624833187840
139624836726784
139624838656000
139624838660096
139624838815744
139624838967296
139624839221248
139624839991296
139624840175616
139624840433664
139624842113024
139624842178560
139624843304960
139624845516800
139624845520896
139624847347712
139624847351808
139624849125376
139624849129472
139624849387520
139624849395712
139624850157568
139624850161664
139624850755584
139624851755008
139624854097920
139624854192128
139624856354816
139624857190400
139624857268224
139624857272320
139624861179904
139624861724672
139624861880320
139624867336192
139624867389440
139624868347904
139624869453824
139624869859328
139624871714816
139624871718912
139624871747584
139624872185856
139624875667456
139624877142016
139624877711360
139624878223360
139624878534656
139624879738880
139624882266112
139624882270208
139624883445760
139624883552256
139624884297728
139624886099968
139624886718464
139624888782848
139624891875328
139624892260352
139624892264448
139624893579264
139624893845504
139624895062016
139624895873024
139624898101248
139624899592192
139624899960832
139624900534272
139624900997120
139624902160384
139624902356992
139624903888896
139624904470528
139624904568832
139624904572928
139624904699904
139624905302016
139624905670656
139624905891840
139624906641408
139624907644928
139624908939264
139624909254656
139624909258752
139624910180352
139624910536704
139624910737408
139624911335424
139624912052224
139624912261120
139624912711680
139624914075648
139624915079168
139624915718144
139624916148224
139624918351872
139624920932352
139624922025984
139624923815936
139624925081600
139624927477760
139624928931840
139624929112064
139624929628160
139624930258944
139624931139584
139624931864576
139624932614144
139624932618240
139624933212160
139624934404096
139624934494208
139624934920192
139624935112704
139624935825408
139624935829504
139624936316928
139624937525248
139624938446848
139624939249664
139624939319296
139624940032000
139624941584384
139624941776896
139624941826048
139624941830144
139624942944256
139624942948352
139624945528832
139624945987584
139624945991680
139624946122752
139624947105792
139624951787520
139624952217600
139624953839616
139624953978880
139624955351040
139624956239872
139624956567552
139624956805120
139624957177856
139624957202432
139624957812736
139624958550016
139624959475712
139624959619072
139624960413696
139624960851968
139624965812224
139624966283264
139624966455296
139624966508544
139624966651904
139624968876032
139624970551296
139624973172736
139624973434880
139624974192640
139624974225408
139624974229504
139624974843904
139624975339520
139624975343616
139624975749120
139624976003072
139624976572416
139624979464192
139624981815296
139624983969792
139624984444928
139624984829952
139624985567232
139624987627520
139624989458432
139624989683712
139624990203904
139624990576640
139624991629312
139624994353152
139624997822464
139624998055936
139624998060032
139624999256064
139625000321024
139625000325120
139625001803776
139625001807872
139625002758144
139625004404736
139625004417024
139625006112768
139625006116864
139625006641152
139625009737728
139625009741824
139625009868800
139625009901568
139625010647040
139625010700288
139625010761728
139625010765824
139625011232768
139625011515392
139625011621888
139625011625984
139625011986432
139625012342784
139625012432896
139625016864768
139625017565184
139625017622528
139625018101760
139625018327040
139625018331136
139625018572800
139625018839040
139625020760064
139625022263296
139625022451712
139625022586880
139625022750720
139625022754816
139625023373312
139625023377408
139625023528960
139625026420736
139625026445312
139625026449408
139625026842624
139625027108864
139625027780608
139625028165632
139625028476928
139625028481024
139625028698112
139625029054464
139625029672960
139625030356992
139625030643712
139625031323648
139625033064448
139625034006528
139625034870784
139625035796480
139625038630912
139625038635008
139625039867904
139625041055744
139625041739776
139625041915904
139625041920000
139625042546688
139625044312064
139625044414464
139625045172224
139625048109056
139625048420352
139625048424448
139625048678400
139625050324992
139625050640384
139625050644480
139625053593600
139625053597696
139625055240192
139625055244288
139625055883264
139625056129024
139625056673792
139625060708352
139625061023744
139625061715968
139625062195200
139625062543360
139625062998016
139625063624704
139625063731200
139625065193472
139625066471424
139625067094016
139625067098112
139625067233280
139625068617728
139625068675072
139625068679168
139625070354432
139625070678016
139625071431680
139625072431104
139625073926144
139625074171904
139625074208768
139625074651136
139625075650560
139625076391936
139625077182464
139625077587968
139625077886976
139625077891072
139625077997568
139625078063104
139625080315904
139625082388480
139625083285504
139625083289600
139625083416576
139625083465728
139625086152704
139625086902272
139625089703936
139625089708032
139625092730880
139625093369856
139625093742592
139625094496256
139625095520256
139625096429568
139625096957952
139625100189696
139625100394496
139625100427264
139625101991936
139625102385152
139625102839808
139625106857984
139625106980864
139625107390464
139625111293952
139625114062848
139625114144768
139625114165248
139625114349568
139625116057600
139625117179904
139625117184000
139625117470720
139625117474816
139625118007296
139625118011392
139625118547968
139625118552064
139625119879168
139625119883264
139625119907840
139625119911936
139625120743424
139625121509376
139625122242560
139625123639296
139625124167680
139625124511744
139625124605952
139625126207488
139625126211584
139625128009728
139625128914944
139625130655744
139625132441600
139625135591424
139625135988736
139625138171904
139625138176000
139625139470336
139625139474432
139625139556352
139625140613120
139625141133312
139625141600256
139625142288384
139625142640640
139625142784000
139625143992320
139625144324096
139625146806272
139625147990016
139625150017536
139625150308352
139625150312448
139625150853120
139625150865408
139625151434752
139625151766528
139625151979520
139625152856064
139625155698688
139625156173824
139625157242880
139625157967872
139625157976064
139625158193152
139625158197248
139625158676480
139625159389184
139625160003584
139625160237056
139625160359936
139625160691712
139625161764864
139625162293248
139625163251712
139625166213120
139625168961536
139625170563072
139625170923520
139625170927616
139625171214336
139625171615744
139625171947520
139625172316160
139625173094400
139625173929984
139625174355968
139625176145920
139625177300992
139625177489408
139625178079232
139625179291648
139625181618176
139625182654464
139625182941184
139625184845824
139625184989184
139625184993280
139625185705984
139625189015552
139625190604800
139625190649856
139625192894464
139625192968192
139625196982272
139625196986368
139625197346816
139625199366144
139625202061312
139625202065408
139625202507776
139625202511872
139625202700288
139625202708480
139625203908608
139625205866496
139625206534144
139625206841344
139625206845440
139625207869440
139625208229888
139625208623104
139625209176064
139625210224640
139625212506112
139625212567552
139625212571648
139625213292544
139625213911040
139625213997056
139625214005248
139625727979520
139625728053248
139625728598016
139625729798144
139625729900544
139625729904640
139625730560000
139625730613248
139625730617344
139625730662400
139625730666496
139625730895872
139625731325952
139625732812800
139625732931584
139625732993024
139625733095424
139625733148672
139625733210112
139625733394432
139625734250496
139625734602752
139625734938624
139625735766016
139625735843840
139625735847936
139625736278016
139625736654848
139625736962048
139625737355264
139625737850880
139625738141696
139625738391552
139625738924032
139625739014144
139625739239424
139625739341824
139625740140544
139625740144640
139625740664832
139625740746752
139625741103104
139625741107200
139625742299136
139625742303232
139625742471168
139625742880768
139625743163392
139625743167488
139625743306752
139625744183296
139625745035264
139625745186816
139625745281024
139625745608704
139625745821696
139625745825792
139625746251776
139625746579456
139625746960384
139625747558400
139625747902464
139625748000768
139625748123648
139625748127744
139625748779008
139625748783104
139625748844544
139625748963328
139625749569536
139625749880832
139625750097920
139625750216704
139625750528000
139625750712320
139625750732800
139625751093248
139625751191552
139625751306240
139625751875584
139625752399872
139625752657920
139625752866816
139625753669632
139625754017792
139625754615808
139625754648576
139625754652672
139625754947584
139625755361280
139625756151808
139625756389376
139625756721152
139625756725248
139625756823552
139625757020160
139625757151232
139625757446144
139625757970432
139625758425088
139625758683136
139625759047680
139625759064064
139625759715328
139625760321536
139625760489472
139625760722944
139625761009664
139625761144832
139625761361920
139625761710080
139625761714176
139625762066432
139625762590720
139625762603008
139625762758656
139625762762752
139625762799616
139625762803712
139625763106816
139625763315712
139625763434496
139625763639296
139625764102144
139625764659200
139625765134336
139625765273600
139625765597184
139625765867520
139625766031360
139625766453248
139625766551552
139625767960576
139625767964672
139625768529920
139625768652800
139625768673280
139625769086976
139625769160704
139625769164800
139625769177088
139625769619456
139625769975808
139625770283008
139625770557440
139625770835968
139625770840064
139625771048960
139625771053056
139625771175936
139625771544576
139625771675648
139625772838912
139625772957696
139625772961792
139625772969984
139625773166592
139625773371392
139625773375488
139625773797376
139625774239744
139625774280704
139625774391296
139625774395392
139625774596096
139625774600192
139625775005696
139625775050752
139625775054848
139625775415296
139625775419392
139625775591424
139625775595520
139625775849472
139625776226304
139625776336896
139625776472064
139625776476160
139625776717824
139625776840704
139625776955392
139625776984064
139625777168384
139625777315840
139625777676288
139625778470912
139625778819072
139625779204096
139625779277824
139625780183040
139625780404224
139625780953088
139625781280768
139625781317632
139625782030336
139625782181888
139625782337536
139625782882304
139625783193600
139625783902208
139625784004608
139625784016896
139625784451072
139625784483840
139625784532992
139625784815616
139625784819712
139625785303040
139625785307136
139625785348096
139625785753600
139625785991168
139625786187776
139625786359808
139625786757120
139625787207680
139625787428864
139625787817984
139625787998208
139625788248064
139625788252160
139625788964864
139625789358080
139625789771776
139625789775872
139625789825024
139625790726144
139625790881792
139625790922752
139625791496192
139625791561728
139625792196608
139625792200704
139625792507904
139625792987136
139625793699840
139625793740800
139625794084864
139625794138112
139625795194880
139625795444736
139625795948544
139625796329472
139625796333568
139625796534272
139625796964352
139625797185536
139625797521408
139625797525504
139625798111232
139625798209536
139625798848512
139625800273920
139625800327168
139625800388608
139625800826880
139625801457664
139625801773056
139625801953280
139625802096640
139625802108928
139625802801152
139625802833920
139625803091968
139625803558912
139625803706368
139625803902976
139625805058048
139625805217792
139625805221888
139625805840384
139625806110720
139625806221312
139625806475264
139625806848000
139625807597568
139625807687680
139625807708160
139625808306176
139625808314368
139625808498688
139625808576512
139625808580608
139625808642048
139625808646144
139625809580032
139625809584128
139625809625088
139625809813504
139625809944576
139625810075648
139625810669568
139625813557248
139625813561344
139625813610496
139625813704704
139625813901312
139625814425600
139625814650880
139625814929408
139625815543808
139625815547904
139625815588864
139625816371200
139625817124864
139625817280512
139625817673728
139625817886720
139625817931776
139625818066944
139625818071040
139625818771456
139625819750400
139625821454336
139625821655040
139625822654464
139625822769152
139625822773248
139625822916608
139625823469568
139625823473664
139625823510528
139625823514624
139625823674368
139625824329728
139625824452608
139625824456704
139625824964608
139625825185792
139625825402880
139625825595392
139625826320384
139625826324480
139625827389440
139625827393536
139625827819520
139625827823616
139625828188160
139625828274176
139625828278272
139625828372480
139625828376576
139625828491264
139625828569088
139625828745216
139625829093376
139625829339136
139625829683200
139625830100992
139625830666240
139625830686720
139625831784448
139625831788544
139625832067072
139625832091648
139625832177664
139625832280064
139625832374272
139625832509440
139625833086976
139625833271296
139625833394176
139625833398272
139625833635840
139625834127360
139625834364928
139625834577920
139625834962944
139625835147264
139625835184128
139625835257856
139625835278336
139625835790336
139625835864064
139625836920832
139625837187072
139625837363200
139625837854720
139625837953024
139625838145536
139625838383104
139625838538752
139625838772224
139625838952448
139625839431680
139625839697920
139625840271360
139625840316416
139625840361472
139625841184768
139625841496064
139625841774592
139625842483200
139625842753536
139625842921472
139625843060736
139625843126272
139625843138560
139625843376128
139625843412992
139625843417088
139625843830784
139625843847168
139625843851264
139625844027392
139625844482048
139625844506624
139625844670464
139625844715520
139625845043200
139625845047296
139625845239808
139625845346304
139625845379072
139625845420032
139625845612544
139625845796864
139625846190080
139625846304768
139625846476800
139625846800384
139625847193600
139625847197696
139625847549952
139625847554048
139625848496128
139625848696832
139625849372672
139625849376768
139625850015744
139625850212352
139625850486784
139625851240448
139625851244544
139625851363328
139625851559936
139625851564032
139625851637760
139625851748352
139625851994112
139625852207104
139625852481536
139625852485632
139625852600320
139625853169664
139625853685760
139625853849600
139625854427136
139625855291392
139625855324160
139625855590400
139625855741952
139625855746048
139625856393216
139625856544768
139625856548864
139625856790528
139625857032192
139625857036288
139625857355776
139625857687552
139625858457600
139625858461696
139625858670592
139625859063808
139625859629056
139625859948544
139625859960832
139625860919296
139625861066752
139625861083136
139625861439488
139625861513216
139625861828608
139625861832704
139625863274496
139625863348224
139625863639040
139625864032256
139625864404992
139625864732672
139625865609216
139625865945088
139625866076160
139625866219520
139625866571776
139625866895360
139625867001856
139625867202560
139625867337728
139625867620352
139625867857920
139625868550144
139625868554240
139625868603392
139625869209600
139625869213696
139625869250560
139625869254656
139625869545472
139625870491648
139625871400960
139625871794176
139625871798272
139625872072704
139625873068032
139625873092608
139625873633280
139625873883136
139625874173952
139625874522112
139625874608128
139625874612224
139625875193856
139625875460096
139625875464192
139625876152320
139625877143552
139625877295104
139625877630976
139625877774336
139625878003712
139625878007808
139625878310912
139625878654976
139625879552000
139625880301568
139625880305664
139625880375296
139625881796608
139625882091520
139625882820608
139625883287552
139625883836416
139625883893760
139625883922432
139625884749824
139625884839936
139625885138944
139625885782016
139625885859840
139625886236672
139625886289920
139625887035392
139625887277056
139625887371264
139625887477760
139625887498240
139625887518720
139625887793152
139625887797248
139625888030720
139625888137216
139625888436224
139625889153024
139625889570816
139625889746944
139625889828864
139625889832960
139625889931264
139625890058240
139625890533376
139625890570240
139625890897920
139625891123200
139625891266560
139625891766272
139625891840000
139625892007936
139625892241408
139625892253696
139625892257792
139625892663296
139625892823040
139625894612992
139625894879232
139625894887424
139625894903808
139625895333888
139625895501824
139625895604224
139625896087552
139625896128512
139625896386560
139625896554496
139625896620032
139625896824832
139625897381888
139625897590784
139625898094592
139625898541056
139625898561536
139625898610688
139625898700800
139625898704896
139625899483136
139625900036096
139625900404736
139625900662784
139625900851200
139625900937216
139625900974080
139625901133824
139625901166592
139625901170688
139625901604864
139625901686784
139625902080000
139625902522368
139625902948352
139625903288320
139625903800320
139625904447488
139625904484352
139625904594944
139625904726016
139625904893952
139625904898048
139625905008640
139625905041408
139625905393664
139625905397760
139625906237440
139625906651136
139625907220480
139625907277824
139625908023296
139625908330496
139625908690944
139625908822016
139625909194752
139625909301248
139625909321728
139625910411264
139625910415360
139625912123392
139625912127488
139625912143872
139625912385536
139625913368576
139625913815040
139625914351616
139625914580992
139625914609664
139625914675200
139625914703872
139625914851328
139625915535360
139625915539456
139625915682816
139625915789312
139625915912192
139625915949056
139625915953152
139625916088320
139625916665856
139625916878848
139625916977152
139625917431808
139625917435904
139625917558784
139625917906944
139625917911040
139625918345216
139625918349312
139625918582784
139625919238144
139625919283200
139625919352832
139625919758336
139625919856640
139625919860736
139625920856064
139625920991232
139625922080768
139625923301376
139625923330048
139625923780608
139625923895296
139625923899392
139625924345856
139625924366336
139625924378624
139625924403200
139625924554752
139625924575232
139625924927488
139625925197824
139625925545984
139625926479872
139625926483968
139625926926336
139625927131136
139625927565312
139625928146944
139625928388608
139625928581120
139625928687616
139625929027584
139625929052160
139625929277440
139625929322496
139625929469952
139625929691136
139625929703424
139625930035200
139625930174464
139625931726848
139625932001280
139625932234752
139625932238848
139625932410880
139625932550144
139625932566528
139625933152256
139625933869056
139625934946304
139625935216640
139625935728640
139625936003072
139625936293888
139625936338944
139625936510976
139625936998400
139625937051648
139625937186816
139625937346560
139625937567744
139625937641472
139625937645568
139625937874944
139625938075648
139625938079744
139625938255872
139625938677760
139625938702336
139625939599360
139625940037632
139625940283392
139625940332544
139625940615168
139625940799488
139625940852736
139625941598208
139625941659648
139625942622208
139625942671360
139625943162880
139625943433216
139625944055808
139625944080384
139625944346624
139625944690688
139625944723456
139625946202112
139625946267648
139625947664384
139625948270592
139625948844032
139625948995584
139625949663232
139625950068736
139625950187520
139625950228480
139625950441472
139625950904320
139625950908416
139625951035392
139625951182848
139625951195136
139625951592448
139625952333824
139625952518144
139625952522240
139625953439744
139625953443840
139625953898496
139625953996800
139625954152448
139625954459648
139625954590720
139625954652160
139625954988032
139625955086336
139625955168256
139625955786752
139625955909632
139625955946496
139625956020224
139625956073472
139625956495360
139625956499456
139625956524032
139625956683776
139625957060608
139625957494784
139625958510592
139625958563840
139625958973440
139625960034304
139625960722432
139625961398272
139625961484288
139625961500672
139625961603072
139625961684992
139625961705472
139625962016768
139625962180608
139625962303488
139625962455040
139625962459136
139625962848256
139625963298816
139625963397120
139625963552768
139625963683840
139625963921408
139625964187648
139625964617728
139625964773376
139625965113344
139625965133824
139625965420544
139625965531136
139625965645824
139625966915584
139625967173632
139625967374336
139625967579136
139625967636480
139625968488448
139625969041408
139625969262592
139625969745920
139625970311168
139625970315264
139625970327552
139625970339840
139625970688000
139625970728960
139625970733056
139625970884608
139625970888704
139625971347456
139625971511296
139625971650560
139625971654656
139625973309440
139625973542912
139625973547008
139625974018048
139625974497280
139625975861248
139625976385536
139625976528896
139625976532992
139625976827904
139625976832000
139625977204736
139625977905152
139625978228736
139625978327040
139625978331136
139625979072512
139625979170816
139625979363328
139625979547648
139625979609088
139625979662336
139625979813888
139625980350464
139625980608512
139625982021632
139625982025728
139625982054400
139625982623744
139625983672320
139625983696896
139625983840256
139625983844352
139625983922176
139625983959040
139625984012288
139625984913408
139625985880064
139625986805760
139625986953216
139625987084288
139625987792896
139625987850240
139625987854336
139625988083712
139625988169728
139625988517888
139625988689920
139625988849664
139625988943872
139625988972544
139625989197824
139625989201920
139625989738496
139625990205440
139625990299648
139625990356992
139625990467584
139625990553600
139625992372224
139625992622080
139625993084928
139625993392128
139625993474048
139625994883072
139625995165696
139625995640832
139625995919360
139625997180928
139625997185024
139625997250560
139625997615104
139625997860864
139625998106624
139625998110720
139625998213120
139625998217216
139625998286848
139625998381056
139625998659584
139625998663680
139625998897152
139625999470592
139625999761408
139626000322560
139626000617472
139626000756736
139626000793600
139626001780736
139626002341888
139626002485248
139626002489344
139626002513920
139626002595840
139626002599936
139626002677760
139626002755584
139626002763776
139626002767872
139626003922944
139626004283392
139626004594688
139626004598784
139626004926464
139626005536768
139626005622784
139626005884928
139626006007808
139626006179840
139626006269952
139626006290432
139626006417408
139626006532096
139626006798336
139626008330240
139626008633344
139626009223168
139626009780224
139626010062848
139626010390528
139626010750976
139626011119616
139626011144192
139626011856896
139626012114944
139626012184576
139626012553216
139626013196288
139626013323264
139626014056448
139626014179328
139626014183424
139626015092736
139626015301632
139626015440896
139626016309248
139626016362496
139626016698368
139626017419264
139626017656832
139626017660928
139626017812480
139626018205696
139626018701312
139626018844672
139626018848768
139626018865152
139626019676160
139626019680256
139626019786752
139626019909632
139626019921920
139626019962880
139626020249600
139626020339712
139626020343808
139626020876288
139626021486592
139626021490688
139626021650432
139626021908480
139626022817792
139626023165952
139626024185856
139626024280064
139626024644608
139626024783872
139626024787968
139626025181184
139626025435136
139626025496576
139626025680896
139626026151936
139626026917888
139626027077632
139626027290624
139626027540480
139626027667456
139626027704320
139626027708416
139626027712512
139626028285952
139626028498944
139626028924928
139626029293568
139626029506560
139626030346240
139626030440448
139626030444544
139626030657536
139626030952448
139626031992832
139626032087040
139626032844800
139626032898048
139626033106944
139626033225728
139626033397760
139626033795072
139626034589696
139626034966528
139626035015680
139626035142656
139626036445184
139626036498432
139626036502528
139626036596736
139626036801536
139626037354496
139626037420032
139626037846016
139626037903360
139626038292480
139626038558720
139626038784000
139626039046144
139626039263232
139626039418880
139626041450496
139626041589760
139626042150912
139626042155008
139626042187776
139626042261504
139626042302464
139626042322944
139626042540032
139626042699776
139626042703872
139626042847232
139626043109376
139626043113472
139626043179008
139626043273216
139626043760640
139626044596224
139626044600320
139626044940288
139626045108224
139626045775872
139626046246912
139626046570496
139626047733760
139626047758336
139626048135168
139626048229376
139626049101824
139626049105920
139626049134592
139626049138688
139626049167360
139626049171456
139626049351680
139626049994752
139626050535424
139626050543616
139626050547712
139626050637824
139626051178496
139626051452928
139626051854336
139626052104192
139626052431872
139626052468736
139626052898816
139626053160960
139626053296128
139626053300224
139626053468160
139626053754880
139626053906432
139626054062080
139626054397952
139626054610944
139626055041024
139626055282688
139626055835648
139626056015872
139626056249344
139626056425472
139626056720384
139626057261056
139626057273344
139626057482240
139626057527296
139626057572352
139626057670656
139626057936896
139626058747904
139626058776576
139626058805248
139626059227136
139626059264000
139626059964416
139626060263424
139626060267520
139626061131776
139626061537280
139626062266368
139626062868480
139626062954496
139626063450112
139626064052224
139626064367616
139626064588800
139626065289216
139626065362944
139626066116608
139626066264064
139626066374656
139626066411520
139626066513920
139626066563072
139626067591168
139626067980288
139626068193280
139626068393984
139626068467712
139626069176320
139626069192704
139626069487616
139626069696512
139626069770240
139626069889024
139626070478848
139626070482944
139626070532096
139626071314432
139626071699456
139626073309184
139626073460736
139626073747456
139626073923584
139626075054080
139626075557888
139626075656192
139626076676096
139626076958720
139626077241344
139626078289920
139626078412800
139626078416896
139626078457856
139626080133120
139626080780288
139626081468416
139626081546240
139626082127872
139626082361344
139626082365440
139626083115008
139626083164160
139626083438592
139626083442688
139626083667968
139626083672064
139626083872768
139626085269504
139626085289984
139626086305792
139626087608320
139626087616512
139626087653376
139626087809024
139626088042496
139626088349696
139626088398848
139626088435712
139626088464384
139626088501248
139626089725952
139626090033152
139626090074112
139626090291200
139626090545152
139626091528192
139626091724800
139626091732992
139626092269568
139626092294144
139626092298240
139626092310528
139626092437504
139626092560384
139626093498368
139626094317568
139626094403584
139626095206400
139626095394816
139626095874048
139626095890432
139626096820224
139626097319936
139626098040832
139626098098176
139626098110464
139626098442240
139626098446336
139626098782208
139626099245056
139626099257344
139626099556352
139626099617792
139626099757056
139626100387840
139626102173696
139626102964224
139626103291904
139626103353344
139626104090624
139626104094720
139626104348672
139626104369152
139626104946688
139626104950784
139626105204736
139626105524224
139626105978880
139626106081280
139626106658816
139626106904576
139626107088896
139626107269120
139626107367424
139626107371520
139626108219392
139626108227584
139626108567552
139626108821504
139626109054976
139626109698048
139626109861888
139626110021632
139626110296064
139626110300160
139626110337024
139626110492672
139626110951424
139626111029248
139626111410176
139626111414272
139626111557632
139626111836160
139626112946176
139626113716224
139626113818624
139626114764800
139626114912256
139626115215360
139626115321856
139626115334144
139626116214784
139626116308992
139626116550656
139626116554752
139626117279744
139626117627904
139626117722112
139626118156288
139626118160384
139626118393856
139626118578176
139626119057408
139626119352320
139626119892992
139626119974912
139626119979008
139626120318976
139626120564736
139626120978432
139626120982528
139626121183232
139626121453568
139626122686464
139626123309056
139626123792384
139626123976704
139626124210176
139626124668928
139626124673024
139626125328384
139626125332480
139626126401536
139626126405632
139626126561280
139626126966784
139626126970880
139626127310848
139626127364096
139626127437824
139626127441920
139626127785984
139626129227776
139626129248256
139626129666048
139626130116608
139626130206720
139626131038208
139626132987904
139626133250048
139626133352448
139626133401600
139626133831680
139626134085632
139626134089728
139626134167552
139626135646208
139626135863296
139626135883776
139626136526848
139626136616960
139626136674304
139626136772608
139626137157632
139626137243648
139626137415680
139626137534464
139626137538560
139626137968640
139626138439680
139626139041792
139626140831744
139626140835840
139626140983296
139626141032448
139626141175808
139626141253632
139626141519872
139626141872128
139626142142464
139626143330304
139626144129024
139626144133120
139626144571392
139626144587776
139626145071104
139626145185792
139626146811904
139626146816000
139626146906112
139626147663872
139626147680256
139626147700736
139626148569088
139626149896192
139626149900288
139626150576128
139626150600704
139626150846464
139626150903808
139626151424000
139626151448576
139626151546880
139626151579648
139626151673856
139626152136704
139626152140800
139626152144896
139626152321024
139626153078784
139626153082880
139626154885120
139626155139072
139626155544576
139626155618304
139626155622400
139626155958272
139626156191744
139626156396544
139626156724224
139626156728320
139626156781568
139626157416448
139626157514752
139626157568000
139626157662208
139626157932544
139626157936640
139626158194688
139626158329856
139626158395392
139626158632960
139626158637056
139626159038464
139626159243264
139626159362048
139626159366144
139626159398912
139626159439872
139626159513600
139626159611904
139626159804416
139626160214016
139626160545792
139626160807936
139626160877568
139626161106944
139626161111040
139626161303552
139626162053120
139626162114560
139626162196480
139626162503680
139626162569216
139626162573312
139626162634752