**Core 03 Core_Total  Finished:   insts:99999999    cycles:324148366  (324148365) seconds:7447  -- 0.31 IPC (0.31 IPC) --  N/A  KHz (13.43 KHz)
**Core 02 Core_Total  Finished:   insts:99999999    cycles:332050467  (332050466) seconds:7673  -- 0.30 IPC (0.30 IPC) --  N/A  KHz (13.03 KHz)
**Core 01 Core_Total  Finished:   insts:99999999    cycles:344719179  (344719178) seconds:7934  -- 0.29 IPC (0.29 IPC) --  N/A  KHz (12.60 KHz)
**Core 00 Core_Total  Finished:   insts:99999999    cycles:354166096  (354166095) seconds:8049  -- 0.28 IPC (0.28 IPC) --  N/A  KHz (12.42 KHz)
Core 0 stalls(mem): 257920460
Core 0 stalls(other): 659249
Core 0 retires: 95586386
Core 1 stalls(mem): 250045597
Core 1 stalls(other): 654548
Core 1 retires: 94018171
Core 2 stalls(mem): 239373391
Core 2 stalls(other): 645067
Core 2 retires: 92031146
Core 3 stalls(mem): 233330930
Core 3 stalls(other): 672582
Core 3 retires: 90143990
### Thread Info =====================
|                                 Generic Info |                                                                                   Latency |      Miscellaneous |        Finish Time |
| ThreadID     CurInst /   TotalInst = Percent |   Avg(HostHit)   Avg(LogRead)  Avg(LogWrite)  Avg(CacheHit) Avg(CacheMiss)     Avg(Total) |      Acc(TimeDiff) |         FinishTime |
|        0           0 /           0 =   -nan% |       76.59 ns        0.00 ns        0.00 ns        0.00 ns        0.00 ns       76.59 ns |      0.000000000 s |      0.000000000 s |
Program_Finish_Time(All):   0.000000
Program_Finish_Time(Real):   0.000000
### Logical Core Info =====================
Core #0 : Status:       Idle [Current: N/A, Scheduled:   0] Idle/Busy/ContextSwitch: (      -nan% /       -nan% /       -nan%) [    0.000000000 ns /     0.000000000 ns /     0.000000000 ns]
Total_Cores_Idle_Time:   0.000000
Total_Cores_Context_Switch_Time:   0.000000
Total_Cores_Busy_Time:   0.000000
Latency_CDF_Timestamp: 0 10 20 30 40 50 60 70 80 90 100 110 120 130 140 150 160 170 180 190 200 210 220 230 240 250 260 270 280 290 300 310 320 330 340 350 360 370 380 390 400 410 420 430 440 450 460 470 480 490 500 510 520 530 540 550 560 570 580 590 600 610 620 630 640 650 660 670 680 690 700 710 720 730 740 750 760 770 780 790 800 810 820 830 840 850 860 870 880 890 900 910 920 930 940 950 960 970 980 990 1000 1100 1200 1300 1400 1500 1600 1700 1800 1900 2000 2100 2200 2300 2400 2500 2600 2700 2800 2900 3000 3100 3200 3300 3400 3500 3600 3700 3800 3900 4000 4100 4200 4300 4400 4500 4600 4700 4800 4900 5000 5100 5200 5300 5400 5500 5600 5700 5800 5900 6000 6100 6200 6300 6400 6500 6600 6700 6800 6900 7000 7100 7200 7300 7400 7500 7600 7700 7800 7900 8000 8100 8200 8300 8400 8500 8600 8700 8800 8900 9000 9100 9200 9300 9400 9500 9600 9700 9800 9900 10000 11000 12000 13000 14000 15000 16000 17000 18000 19000 20000 21000 22000 23000 24000 25000 26000 27000 28000 29000 30000 31000 32000 33000 34000 35000 36000 37000 38000 39000 40000 41000 42000 43000 44000 45000 46000 47000 48000 49000 50000 51000 52000 53000 54000 55000 56000 57000 58000 59000 60000 61000 62000 63000 64000 65000 66000 67000 68000 69000 70000 71000 72000 73000 74000 75000 76000 77000 78000 79000 80000 81000 82000 83000 84000 85000 86000 87000 88000 89000 90000 91000 92000 93000 94000 95000 96000 97000 98000 99000 100000 110000 120000 130000 140000 150000 160000 170000 180000 190000 200000 210000 220000 230000 240000 250000 260000 270000 280000 290000 300000 310000 320000 330000 340000 350000 360000 370000 380000 390000 400000 410000 420000 430000 440000 450000 460000 470000 480000 490000 500000 510000 520000 530000 540000 550000 560000 570000 580000 590000 600000 610000 620000 630000 640000 650000 660000 670000 680000 690000 700000 710000 720000 730000 740000 750000 760000 770000 780000 790000 800000 810000 820000 830000 840000 850000 860000 870000 880000 890000 900000 910000 920000 930000 940000 950000 960000 970000 980000 990000 1000000 1100000 1200000 1300000 1400000 1500000 1600000 1700000 1800000 1900000 2000000 2100000 2200000 2300000 2400000 2500000 2600000 2700000 