5691
94149096841216
94149098942464
94149113229312
94149113233408
94149113237504
94149113241600
94149113245696
94149113249792
94149113253888
94149113257984
94149113262080
94149113266176
94149113270272
94149113274368
140183344488448
140183374045184
140183609434112
140184910274560
140184910278656
140184910282752
140184910286848
140184910290944
140184910295040
140184910299136
140184910303232
140184910307328
140184910311424
140184910315520
140184910319616
140184910323712
140184910327808
140184910331904
140184910336000
140184910340096
140184910344192
140184910348288
140184910352384
140184910356480
140184910360576
140184910364672
140184910368768
140184910372864
140184910376960
140184910381056
140184910385152
140184910389248
140184910393344
140184910397440
140184910401536
140184910405632
140184910409728
140184910413824
140184910417920
140184910422016
140184910426112
140184910430208
140184910434304
140184910438400
140184910442496
140184910446592
140184910450688
140184910454784
140184910458880
140184910462976
140184910467072
140184910471168
140184910475264
140184910479360
140184910483456
140184910487552
140184910491648
140184910495744
140184910499840
140184910503936
140184910508032
140184910512128
140184910516224
140184910520320
140184910524416
140184910528512
140184910532608
140184910536704
140184910540800
140184910544896
140184910548992
140184910553088
140184910557184
140184910561280
140184910565376
140184910569472
140184910573568
140184910577664
140184910581760
140184910585856
140184910589952
140184910594048
140184910598144
140184910602240
140184910606336
140184910610432
140184910614528
140184910618624
140184910622720
140184910626816
140184910630912
140184910635008
140184910639104
140184910643200
140184910647296
140184910651392
140184910655488
140184910659584
140184910663680
140184910667776
140184910671872
140184910675968
140184910680064
140184910684160
140184910688256
140184910692352
140184910696448
140184910700544
140184910704640
140184910708736
140184910712832
140184910716928
140184910721024
140184910725120
140184910729216
140184910733312
140184910737408
140184910741504
140184910745600
140184910749696
140184910753792
140184910757888
140184910761984
140184910766080
140184910770176
140184910774272
140184910778368
140184910782464
140184910786560
140184910790656
140184910794752
140184910798848
140184910802944
140184910807040
140184910811136
140184910815232
140184910819328
140184910823424
140184910827520
140184910831616
140184910835712
140184910839808
140184910843904
140184910848000
140184910852096
140184910856192
140184910860288
140184910864384
140184910868480
140184910872576
140184910876672
140184910880768
140184910884864
140184910888960
140184910893056
140184910897152
140184910901248
140184910905344
140184910909440
140184910913536
140184910917632
140184910921728
140184910925824
140184910929920
140184910934016
140184910938112
140184910942208
140184910946304
140184910950400
140184910954496
140184910958592
140184910962688
140184910966784
140184910970880
140184910974976
140184910979072
140184910983168
140184910987264
140184910991360
140184910995456
140184910999552
140184911003648
140185984155648
140185984159744
140185984163840
140185984167936
140185984172032
140185984176128
140185984180224
140185984184320
140185984188416
140185984192512
140185984196608
140185984200704
140185984204800
140185984208896
140185984212992
140185984217088
140185984221184
140185984225280
140185984229376
140185984233472
140185984237568
140185984241664
140185984245760
140185984249856
140185984253952
140185984258048
140185984262144
140185984266240
140185984270336
140185984274432
140185984278528
140185984282624
140185984286720
140185984290816
140185984294912
140185984299008
140185984303104
140185984307200
140185984311296
140185984315392
140185984319488
140185984323584
140185984327680
140185984331776
140185984335872
140185984339968
140185984344064
140185984348160
140185984352256
140185984356352
140185984360448
140185984364544
140185984368640
140185984372736
140185984376832
140185984380928
140185984385024
140185984389120
140185984393216
140185984397312
140185984401408
140185984405504
140185984409600
140185984413696
140185984417792
140185984421888
140185984425984
140185984430080
140185984434176
140185984438272
140185984442368
140185984446464
140185984450560
140185984454656
140185984458752
140185984462848
140185984466944
140185984471040
140185984475136
140185984479232
140185984483328
140185984487424
140185984491520
140185984495616
140185984499712
140185984503808
140185984507904
140185984512000
140185984516096
140185984520192
140185984524288
140185984528384
140185984532480
140185984536576
140185984540672
140185984544768
140185984548864
140185984552960
140185984557056
140185984561152
140185984565248
140185984569344
140185984573440
140185984577536
140185984581632
140185984585728
140185984589824
140185984593920
140185984598016
140185984602112
140185984606208
140185984610304
140185984614400
140185984618496
140185984622592
140185984626688
140185984630784
140185984634880
140185984638976
140185984643072
140185984647168
140185984651264
140185984655360
140185984659456
140185984663552
140185984667648
140185984671744
140185984675840
140185984679936
140185984684032
140185984688128
140185984692224
140185984696320
140185984700416
140185984704512
140185984708608
140185984712704
140185984716800
140185984720896
140185984724992
140185984729088
140185984733184
140185984737280
140185984741376
140185984745472
140185984749568
140185984753664
140185984757760
140185984761856
140185984765952
140185984770048
140185984774144
140185984778240
140185984782336
140185984786432
140185984790528
140185984794624
140185984798720
140185984802816
140185984806912
140185984811008
140185984815104
140185984819200
140185984823296
140185984827392
140185984831488
140185984835584
140185984839680
140185984843776
140185984847872
140185984851968
140185984856064
140185984860160
140185984864256
140185984868352
140185984872448
140185984876544
140185984880640
140185984884736
140187057913856
140187057917952
140187057922048
140187057926144
140187057930240
140187057934336
140187057938432
140187057942528
140187057946624
140187057950720
140187057954816
140187057958912
140187057963008
140187057967104
140187057971200
140187057975296
140187057979392
140187057983488
140187057987584
140187057991680
140187057995776
140187057999872
140187058003968
140187058008064
140187058012160
140187058016256
140187058020352
140187058024448
140187058028544
140187058032640
140187058036736
140187058040832
140187058044928
140187058049024
140187058053120
140187058057216
140187058061312
140187058065408
140187058069504
140187058073600
140187058077696
140187058081792
140187058085888
140187058089984
140187058094080
140187058098176
140187058102272
140187058106368
140187058110464
140187058114560
140187058118656
140187058122752
140187058126848
140187058130944
140187058135040
140187058139136
140187058143232
140187058147328
140187058151424
140187058155520
140187058159616
140187058163712
140187058167808
140187058171904
140187058176000
140187058180096
140187058184192
140187058188288
140187058192384
140187058196480
140187058200576
140187058204672
140187058208768
140187058212864
140187058216960
140187058221056
140187058225152
140187058229248
140187058233344
140187058237440
140187058241536
140187058245632
140187058249728
140187058253824
140187058257920
140187058262016
140187058266112
140187058270208
140187058274304
140187058278400
140187058282496
140187058286592
140187058290688
140187058294784
140187058298880
140187058302976
140187058307072
140187058311168
140187058315264
140187058319360
140187058323456
140187058327552
140187058331648
140187058335744
140187058339840
140187058343936
140187058348032
140187058352128
140187058356224
140187058360320
140187058364416
140187058368512
140187058372608
140187058376704
140187058380800
140187058384896
140187058388992
140187058393088
140187058397184
140187058401280
140187058405376
140187058409472
140187058413568
140187058417664
140187058421760
140187058425856
140187058429952
140187058434048
140187058438144
140187058442240
140187058446336
140187058450432
140187058454528
140187058458624
140187058462720
140187058466816
140187058470912
140187058475008
140187058479104
140187058483200
140187058487296
140187058491392
140187058495488
140187058499584
140187058503680
140187058507776
140187058511872
140187058515968
140187058520064
140187058524160
140187058528256
140187058532352
140187058536448
140187058540544
140187058544640
140187058548736
140187058552832
140187058556928
140187058561024
140187058565120
140187058569216
140187058573312
140187058577408
140187058581504
140187058585600
140187058589696
140187058593792
140187058597888
140187058601984
140187058606080
140187058610176
140187058614272
140187058618368
140187058622464
140187058626560
140187058630656
140187058634752
140187058638848
140188131635200
140188131639296
140188131643392
140188131647488
140188131651584
140188131655680
140188131659776
140188131663872
140188131667968
140188131672064
140188131676160
140188131680256
140188131684352
140188131688448
140188131692544
140188131696640
140188131700736
140188131704832
140188131708928
140188131713024
140188131717120
140188131721216
140188131725312
140188131729408
140188131733504
140188131737600
140188131741696
140188131745792
140188131749888
140188131753984
140188131758080
140188131762176
140188131766272
140188131770368
140188131774464
140188131778560
140188131782656
140188131786752
140188131790848
140188131794944
140188131799040
140188131803136
140188131807232
140188131811328
140188131815424
140188131819520
140188131823616
140188131827712
140188131831808
140188131835904
140188131840000
140188131844096
140188131848192
140188131852288
140188131856384
140188131860480
140188131864576
140188131868672
140188131872768
140188131876864
140188131880960
140188131885056
140188131889152
140188131893248
140188131897344
140188131901440
140188131905536
140188131909632
140188131913728
140188131917824
140188131921920
140188131926016
140188131930112
140188131934208
140188131938304
140188131942400
140188131946496
140188131950592
140188131954688
140188131958784
140188131962880
140188131966976
140188131971072
140188131975168
140188131979264
140188131983360
140188131987456
140188131991552
140188131995648
140188131999744
140188132003840
140188132007936
140188132012032
140188132016128
140188132020224
140188132024320
140188132028416
140188132032512
140188132036608
140188132040704
140188132044800
140188132048896
140188132052992
140188132057088
140188132061184
140188132065280
140188132069376
140188132073472
140188132077568
140188132081664
140188132085760
140188132089856
140188132093952
140188132098048
140188132102144
140188132106240
140188132110336
140188132114432
140188132118528
140188132122624
140188132126720
140188132130816
140188132134912
140188132139008
140188132143104
140188132147200
140188132151296
140188132155392
140188132159488
140188132163584
140188132167680
140188132171776
140188132175872
140188132179968
140188132184064
140188132188160
140188132192256
140188132196352
140188132200448
140188132204544
140188132208640
140188132212736
140188132216832
140188132220928
140188132225024
140188132229120
140188132233216
140188132237312
140188132241408
140188132245504
140188132249600
140188132253696
140188132257792
140188132261888
140188132265984
140188132270080
140188132274176
140188132278272
140188132282368
140188132286464
140188132290560
140188132294656
140188132298752
140188132302848
140188132306944
140188132311040
140188132315136
140188132319232
140188132323328
140188132327424
140188132331520
140188132335616
140188132339712
140188132343808
140188132347904
140188132352000
140188132356096
140188132360192
140188132364288
140188706480128
140188707528704
140188708573184
140188709625856
140188710674432
140188710678528
140188711727104
140188712771584
140188712775680
140188713820160
140188714868736
140188715913216
140188716961792
140188718006272
140188719054848
140188720107520
140188721152000
140188722204672
140188723257344
140188724297728
140188725350400
140188726394880
140188726398976
140188727443456
140188728492032
140188729540608
140188730589184
140188731637760
140188732686336
140188733730816
140188734783488
140188735832064
140188736880640
140188737925120
140188738973696
140188740022272
140188741079040
140188742123520
140188743176192
140188744224768
140188744228864
140188745273344
140188745277440
140188746326016
140188747374592
140188748419072
140188749463552
140188749467648
140188750512128
140188750516224
140188751564800
140188752617472
140188753661952
140188754706432
140188755759104
140188756807680
140188757860352
140188758904832
140188758908928
140188759953408
140188761001984
140188762054656
140188763099136
140188764147712
140188765192192
140188766248960
140188767297536
140188768350208
140188769398784
140188770447360
140188771491840
140188772540416
140188773584896
140188773588992
140188774629376
140188775682048
140188776726528
140188777779200
140188777783296
140188778831872
140188779880448
140188780929024
140188781977600
140188781981696
140188783030272
140188784074752
140188785123328
140188786171904
140188786176000
140188787224576
140188788273152
140188789317632
140188789321728
140188790362112
140188791410688
140188792467456
140188793511936
140188794552320
140188794556416
140188795600896
140188796645376
140188797689856
140188797693952
140188798738432
140188799787008
140188800839680
140188801884160
140188802928640
140188803977216
140188805025792
140188806074368
140188807122944
140188808171520
140188809220096
140188810268672
140188811317248
140188812361728
140188813406208
140188813410304
140188814450688
140188814454784
140188815503360
140188816551936
140188817604608
140188818649088
140188819693568
140188820742144
140188820746240
140188821790720
140188822835200
140188823879680
140188823883776
140188824932352
140188825976832
140188827025408
140188828069888
140188828073984
140188829118464
140188830171136
140188831219712
140188832268288
140188833320960
140188834369536
140188835418112
140188836466688
140188837515264
140188837519360
140188838559744
140188839612416
140188840660992
140188841709568
140188842758144
140188843806720
140188844855296
140188844863488
140188844867584
140188844871680
140188844875776
140188844879872
140188844883968
140188844888064
140188844892160
140188844896256
140188844900352
140188844904448
140188844908544
140188845903872
140188846956544
140188848005120
140188849053696
140188850102272
140188851150848
140188852199424
140188853243904
140188853248000
140188854288384
140188854292480
140188855336960
140188856385536
140188856389632
140188857434112
140188858478592
140188859531264
140188860575744
140188861628416
140188862676992
140188863721472
140188864774144
140188865822720
140188866875392
140188867919872
140188868968448
140188870021120
140188871069696
140188872114176
140188873162752
140188874211328
140188875264000
140188876308480
140188877361152
140188878409728
140188879462400
140188880515072
140188881563648
140188882612224
140188883660800
140188884701184
140188884705280
140188885749760
140188885753856
140188886798336
140188886802432
140188887851008
140188888895488
140188888899584
140188889948160
140188890988544
140188892037120
140188893081600
140188894130176
140188895178752
140188895182848
140188896235520
140188897284096
140188898328576
140188898332672
140188899377152
140188899381248
140188900425728
140188901466112
140188902514688
140188903563264
140188904607744
140188905656320
140188906704896
140188907749376
140188908793856
140188908797952
140188909842432
140188910891008
140188910895104
140188911943680
140188911947776
140188912996352
140188914044928
140188915097600
140188916150272
140188917202944
140188918255616
140188919304192
140188920348672
140188921397248
140188922445824
140188922449920
140188923498496
140188924547072
140188925591552
140188926640128
140188927688704
140188928733184
140188929781760
140188930834432
140188931883008
140188932935680
140188933980160
140188935028736
140188936077312
140188937125888
140188938170368
140188938174464
140188939218944
140188939223040
140188940275712
140188941328384
140188942372864
140188942376960
140188943421440
140188944465920
140188945506304
140188945510400
140188946554880
140188946558976
140188947603456
140188948652032
140188949696512
140188949700608
140188950745088
140188951793664
140188951797760
140188952846336
140188953894912
140188954943488
140188955992064
140188957036544
140188957040640
140188958089216
140188959137792
140188960190464
140188961239040
140188962287616
140188963344384
140188964392960
140188965445632
140188966494208
140188967542784
140188967546880
140188968591360
140188969644032
140188970696704
140188971749376
140188972802048
140188973846528
140188974895104
140188975939584
140188976984064
140188976988160
140188978032640
140188978036736
140188979081216
140188980133888
140188981178368
140188982226944
140188983279616
140188984324096
140188984328192
140188985368576
140188985372672
140188986417152
140188987465728
140188988518400
140188989566976
140188990615552
140188991664128
140188991668224
140188992716800
140188993765376
140188994818048
140188995866624
140188996919296
140188997963776
140188999008256
140188999012352
140189000052736
140189000056832
140189001097216
140189002145792
140189003190272
140189004234752
140189004238848
140189005287424
140189006327808
140189006331904
140189007384576
140189008433152
140189009485824
140189010534400
140189011587072
140189012639744
140189013680128
140189013684224
140189014732800
140189015781376
140189016829952
140189017874432
140189018918912
140189018923008
140189019967488
140189021016064
140189022064640
140189023117312
140189024169984
140189025222656
140189026275328
140189027323904
140189027328000
140189028372480
140189029425152
140189030469632
140189030473728
140189031510016
140189032562688
140189033611264
140189034655744
140189035700224
140189035704320
140189036748800
140189037797376
140189038845952
140189039890432
140189039894528
140189040943104
140189041987584
140189043044352
140189043048448
140189044101120
140189045145600
140189046194176
140189047246848
140189048295424
140189049344000
140189050392576
140189050396672
140189051445248
140189052485632
140189053534208
140189054582784
140189055631360
140189056675840
140189057720320
140189057724416
140189058768896
140189059817472
140189059821568
140189060866048
140189060870144
140189061918720
140189062963200
140189064011776
140189065056256
140189066113024
140189067161600
140189068210176
140189069262848
140189070307328
140189070311424
140189071355904
140189072404480
140189073453056
140189074501632
140189075550208
140189076594688
140189077639168
140189078687744
140189079736320
140189079740416
140189080788992
140189081837568
140189082882048
140189083934720
140189084979200
140189084983296
140189086031872
140189087080448
140189088133120
140189088137216
140189089181696
140189090226176
140189091270656
140189091274752
140189092319232
140189093367808
140189094420480
140189094424576
140189095464960
140189095469056
140189096517632
140189097566208
140189098614784
140189099663360
140189100716032
140189101760512
140189102804992
140189102809088
140189103853568
140189104902144
140189105946624
140189106995200
140189106999296
140189108047872
140189109096448
140189110149120
140189111197696
140189112246272
140189113294848
140189114343424
140189115387904
140189116436480
140189117485056
140189118533632
140189119586304
140189120634880
140189121683456
140189122637824
140189122641920
140189122646016
140189122650112
140189122654208
140189122658304
140189122662400
140189122666496
140189122670592
140189122674688
140189122678784
140189122727936
140189123776512
140189124825088
140189124829184
140189125873664
140189125877760
140189126926336
140189126930432
140189127979008
140189129027584
140189129031680
140189130076160
140189130080256
140189131124736
140189131128832
140189132181504
140189133225984
140189134278656
140189135331328
140189136379904
140189137428480
140189138472960
140189139521536
140189140570112
140189141618688
140189142667264
140189143719936
140189144768512
140189145817088
140189146873856
140189147918336
140189147922432
140189148971008
140189150019584
140189150023680
140189151064064
140189152120832
140189153169408
140189154217984
140189155258368
140189156306944
140189157351424
140189158404096
140189159448576
140189160497152
140189161545728
140189162598400
140189163638784
140189164691456
140189165744128
140189166788608
140189167833088
140189168885760
140189169934336
140189169938432
140189170987008
140189172035584
140189173084160
140189173088256
140189174140928
140189175189504
140189176238080
140189177282560
140189178331136
140189179383808
140189180428288
140189181476864
140189182525440
140189183569920
140189184614400
140189185667072
140189186715648
140189187764224
140189188808704
140189189861376
140189190914048
140189191958528
140189191962624
140189193011200
140189194059776
140189195108352
140189196156928
140189197205504
140189198254080
140189198258176
140189199306752
140189200351232
140189201399808
140189201403904
140189202452480
140189203501056
140189204545536
140189204549632
140189205594112
140189206642688
140189207691264
140189208735744
140189208739840
140189209788416
140189210836992
140189211889664
140189212942336
140189213990912
140189215039488
140189216083968
140189217136640
140189218181120
140189219229696
140189220278272
140189220282368
140189221335040
140189222379520
140189223432192
140189224476672
140189224480768
140189225525248
140189226577920
140189227626496
140189228670976
140189228675072
140189229723648
140189229727744
140189230776320
140189230780416
140189231828992
140189232881664
140189233930240
140189234978816
140189236023296
140189236027392
140189237071872
140189238124544
140189239173120
140189240225792
140189241282560
140189242331136
140189243379712
140189244424192
140189245472768
140189246521344
140189247565824
140189248610304
140189248614400
140189249658880
140189249662976
140189250711552
140189251756032
140189252804608
140189252808704
140189253857280
140189254905856
140189255950336
140189255954432
140189256994816
140189256998912
140189258043392
140189258047488
140189259087872
140189260140544
140189261185024
140189261189120
140189262233600
140189262237696
140189263282176
140189264326656
140189264330752
140189265379328
140189266432000
140189267484672
140189268533248
140189269581824
140189270630400
140189271678976
140189272727552
140189273772032
140189273776128
140189274816512
140189275865088
140189276913664
140189277962240
140189279010816
140189280059392
140189281103872
140189282152448
140189283201024
140189284249600
140189285298176
140189285302272
140189286346752
140189287399424
140189288448000
140189289500672
140189290549248
140189290553344
140189291597824
140189292646400
140189293694976
140189294751744
140189295800320
140189296857088
140189297909760
140189298958336
140189300011008
140189301059584
140189302108160
140189303156736
140189304209408
140189305257984
140189306310656
140189307359232
140189308407808
140189309456384
140189310509056
140189311557632
140189312606208
140189313646592
140189313650688
140189314695168
140189315747840
140189316800512
140189317849088
140189318893568
140189319942144
140189320990720
140189322035200
140189322039296
140189323083776
140189323087872
140189324128256
140189324132352
140189325176832
140189325180928
140189326225408
140189327273984
140189327278080
140189328326656
140189329375232
140189329379328
140189330423808
140189331472384
140189332520960
140189332525056
140189333565440
140189334609920
140189335658496
140189335662592
140189336715264
140189337763840
140189337767936
140189338816512
140189339865088
140189340917760
140189341966336
140189341970432
140189343014912
140189344063488
140189345107968
140189346156544
140189347201024
140189348249600
140189349298176
140189350346752
140189351395328
140189352443904
140189353492480
140189354541056
140189355593728
140189356638208
140189357690880
140189358735360
140189359783936
140189359788032
140189360832512
140189360836608
140189361885184
140189362929664
140189362933760
140189363982336
140189365030912
140189366075392
140189367123968
140189368172544
140189368176640
140189369221120
140189370273792
140189371322368
140189372366848
140189373415424
140189374455808
140189375500288
140189375504384
140189376552960
140189376557056
140189377601536
140189378650112
140189379702784
140189380751360
140189381799936
140189382848512
140189383888896
140189383892992
140189384945664
140189385990144
140189387042816
140189388091392
140189389135872
140189390180352
140189391220736
140189391224832
140189392273408
140189393317888
140189394366464
140189394370560
140189395415040
140189396467712
140189397516288
140189398564864
140189399609344
140189400412160
140189400416256
140189400420352
140189400424448
140189400428544
140189400432640
140189400436736
140189400440832
140189400444928
140189400449024
140189400453120
140189400657920
140189401706496
140189402759168
140189403807744
140189404852224
140189405904896
140189406953472
140189407997952
140189409050624
140189409054720
140189410103296
140189411147776
140189412196352
140189413244928
140189414289408
140189414293504
140189415337984
140189415342080
140189416382464
140189417431040
140189418479616
140189419528192
140189420580864
140189421625344
140189422678016
140189423726592
140189423730688
140189424779264
140189424783360
140189425827840
140189426872320
140189426876416
140189427924992
140189428973568
140189430018048
140189431074816
140189432119296
140189433167872
140189434220544
140189435265024
140189436313600
140189437366272
140189438414848
140189439459328
140189440503808
140189441552384
140189442596864
140189443645440
140189443649536
140189444698112
140189445742592
140189446791168
140189447835648
140189448880128
140189449928704
140189450977280
140189452025856
140189453070336
140189454123008
140189455171584
140189456220160
140189457268736
140189458317312
140189459365888
140189459369984
140189460414464
140189461467136
140189462515712
140189463560192
140189464612864
140189465661440
140189466714112
140189467758592
140189468807168
140189469855744
140189470900224
140189471944704
140189472993280
140189474037760
140189475078144
140189475082240
140189476122624
140189477175296
140189478219776
140189479268352
140189480321024
140189481373696
140189482422272
140189483470848
140189484523520
140189485563904
140189486612480
140189487665152
140189488713728
140189489758208
140189490806784
140189491855360
140189492903936
140189492908032
140189493960704
140189495001088
140189495005184
140189496053760
140189497106432
140189498155008
140189499203584
140189500248064
140189501292544
140189502341120
140189503389696
140189504442368
140189505490944
140189506543616
140189507588096
140189508640768
140189509689344
140189509693440
140189510737920
140189511786496
140189511790592
140189512839168
140189512843264
140189513891840
140189514940416
140189515988992
140189517037568
140189518086144
140189519138816
140189520187392
140189520191488
140189521235968
140189522280448
140189523329024
140189524381696
140189525430272
140189525434368
140189526482944
140189527531520
140189528588288
140189529632768
140189530677248
140189531725824
140189532774400
140189533822976
140189534871552
140189535920128
140189536968704
140189538017280
140189539065856
140189540114432
140189541163008
140189542211584
140189543260160
140189544308736
140189545357312
140189546401792
140189547450368
140189548503040
140189548507136
140189549555712
140189550600192
140189550604288
140189551652864
140189551656960
140189552701440
140189553754112
140189554806784
140189555855360
140189555859456
140189556908032
140189557952512
140189559001088
140189560045568
140189560049664
140189561094144
140189562146816
140189563191296
140189563195392
140189564239872
140189565288448
140189566337024
140189567389696
140189568442368
140189569490944
140189570543616
140189571588096
140189571592192
140189572636672
140189572640768
140189573685248
140189574737920
140189575786496
140189576830976
140189577879552
140189578932224
140189579980800
140189581033472
140189581037568
140189582082048
140189583130624
140189584179200
140189585231872
140189586276352
140189587329024
140189588373504
140189589417984
140189589422080
140189590466560
140189591515136
140189591519232
140189592567808
140189593616384
140189594660864
140189595709440
140189596762112
140189597810688
140189598859264
140189599903744
140189600952320
140189602000896
140189603049472
140189604098048
140189604102144
140189605146624
140189605150720
140189606195200
140189607243776
140189608284160
140189609328640
140189610373120
140189611425792
140189611429888
140189612478464
140189613527040
140189614575616
140189615624192
140189616668672
140189617717248
140189617721344
140189618765824
140189619810304
140189620858880
140189620862976
140189621911552
140189622964224
140189624012800
140189625065472
140189626109952
140189626114048
140189627158528
140189628207104
140189629255680
140189630300160
140189631348736
140189632401408
140189633449984
140189634502656
140189635547136
140189636599808
140189637648384
140189638696960
140189639745536
140189640790016
140189640794112
140189641842688
140189642891264
140189643943936
140189643948032
140189644988416
140189646041088
140189647081472
140189648134144
140189649182720
140189650227200
140189650231296
140189651275776
140189652324352
140189653372928
140189653377024
140189654417408
140189654421504
140189655465984
140189656518656
140189657571328
140189658624000
140189659672576
140189660721152
140189661773824
140189662814208
140189662818304
140189663866880
140189664911360
140189665964032
140189667008512
140189667012608
140189668057088
140189668061184
140189669101568
140189670158336
140189671211008
140189672255488
140189672259584
140189673299968
140189674352640
140189675393024
140189675397120
140189676445696
140189677498368
140189678182400
140189678186496
140189678190592
140189678194688
140189678198784
140189678202880
140189678206976
140189678211072
140189678215168
140189678219264
140189678223360
140189678227456
140189678551040
140189679595520
140189680640000
140189681692672
140189682745344
140189683793920
140189684838400
140189685882880
140189686931456
140189687975936
140189687980032
140189689028608
140189690073088
140189691121664
140189692166144
140189693214720
140189693218816
140189694267392
140189694271488
140189695315968
140189696360448
140189697413120
140189698457600
140189699506176
140189700558848
140189701611520
140189702660096
140189703708672
140189704749056
140189705801728
140189706850304
140189707894784
140189708943360
140189709991936
140189711032320
140189711036416
140189712076800
140189713125376
140189714173952
140189715218432
140189716262912
140189717311488
140189718360064
140189719404544
140189720453120
140189721497600
140189722546176
140189723590656
140189723594752
140189724647424
140189725696000
140189726748672
140189727797248
140189728845824
140189729898496
140189730942976
140189730947072
140189731991552
140189731995648
140189733044224
140189734088704
140189735137280
140189736185856
140189737234432
140189738278912
140189739327488
140189740380160
140189741432832
140189742481408
140189743525888
140189744570368
140189745618944
140189746667520
140189747720192
140189748772864
140189749821440
140189749825536
140189750870016
140189751918592
140189752967168
140189754015744
140189755060224
140189756104704
140189757153280
140189757157376
140189758201856
140189759246336
140189759250432
140189760290816
140189760294912
140189761343488
140189762396160
140189763444736
140189764493312
140189765545984
140189766594560
140189767639040
140189768687616
140189769736192
140189770784768
140189771837440
140189772886016
140189773930496
140189773934592
140189774974976
140189776023552
140189776027648
140189777076224
140189778124800
140189779177472
140189780226048
140189781278720
140189782327296
140189783371776
140189783375872
140189784420352
140189785468928
140189785473024
140189786513408
140189786517504
140189787566080
140189788614656
140189789655040
140189789659136
140189790707712
140189791752192
140189792800768
140189793845248
140189793849344
140189794893824
140189795938304
140189796982784
140189798035456
140189799079936
140189800124416
140189800128512
140189801177088
140189802225664
140189803274240
140189804322816
140189805367296
140189805371392
140189806415872
140189807464448
140189807468544
140189808508928
140189808513024
140189809557504
140189810614272
140189811662848
140189812715520
140189813768192
140189814816768
140189815861248
140189815865344
140189816909824
140189817958400
140189819006976
140189820055552
140189821100032
140189821104128
140189822148608
140189822152704
140189823193088
140189824241664
140189824245760
140189825294336
140189826342912
140189827395584
140189828440064
140189829484544
140189830529024
140189831577600
140189832626176
140189833670656
140189834723328
140189835771904
140189836824576
140189837873152
140189837877248
140189838917632
140189838921728
140189839966208
140189839970304
140189841018880
140189842067456
140189843120128
140189844168704
140189845221376
140189846265856
140189847314432
140189847318528
140189848367104
140189849419776
140189850464256
140189851512832
140189852561408
140189852565504
140189853609984
140189854662656
140189855711232
140189856759808
140189857804288
140189857808384
140189858852864
140189859897344
140189860950016
140189861990400
140189861994496
140189863034880
140189863038976
140189864087552
140189865127936
140189866180608
140189867225088
140189868277760
140189869326336
140189870374912
140189871419392
140189871423488
140189872467968
140189873516544
140189873520640
140189874565120
140189875617792
140189876666368
140189877714944
140189878763520
140189879808000
140189880852480
140189881901056
140189881905152
140189882949632
140189883998208
140189885038592
140189886087168
140189887135744
140189888188416
140189889236992
140189890285568
140189891334144
140189892382720
140189893431296
140189894479872
140189895528448
140189896577024
140189897621504
140189898670080
140189899718656
140189899722752
140189900767232
140189901811712
140189902860288
140189903904768
140189904953344
140189905997824
140189907046400
140189908094976
140189909147648
140189910192128
140189911240704
140189912289280
140189913333760
140189914374144
140189915426816
140189916475392
140189917536256
140189918584832
140189918613504
140189918617600
140189918621696
140189918625792
140189918629888
140189918633984
140189918638080
140189918642176
140189918646272
140189918650368
140189918654464
140189918658560
140189919633408
140189920681984
140189921726464
140189922775040
140189923819520
140189923823616
140189924872192
140189925924864
140189926973440
140189928017920
140189929058304
140189929062400
140189930106880
140189930110976
140189931155456
140189932199936
140189933252608
140189933256704
140189934301184
140189934305280
140189935353856
140189936398336
140189937446912
140189937451008
140189938503680
140189939548160
140189940596736
140189941653504
140189942702080
140189943750656
140189943754752
140189944803328
140189945851904
140189946896384
140189946900480
140189947940864
140189948985344
140189950029824
140189950033920
140189951082496
140189952131072
140189953183744
140189954232320
140189955280896
140189956333568
140189957382144
140189958430720
140189959483392
140189960531968
140189961576448
140189962625024
140189962629120
140189963673600
140189964726272
140189965774848
140189966823424
140189967867904
140189967872000
140189968920576
140189969965056
140189971009536
140189971013632
140189972054016
140189972058112
140189973106688
140189974155264
140189975199744
140189975203840
140189976248320
140189977296896
140189977300992
140189978349568
140189979398144
140189980446720
140189981491200
140189982535680
140189983588352
140189984632832
140189984636928
140189985681408
140189986734080
140189987782656
140189988835328
140189989883904
140189990940672
140189991981056
140189993025536
140189994070016
140189995122688
140189996175360
140189997228032
140189998272512
140189999316992
140190000369664
140190001418240
140190002466816
140190003511296
140190004559872
140190005604352
140190006652928
140190007701504
140190008754176
140190009802752
140190010847232
140190011895808
140190012948480
140190013997056
140190014001152
140190015041536
140190015045632
140190016094208
140190017142784
140190017146880
140190018191360
140190019239936
140190020284416
140190021337088
140190022385664
140190023430144
140190024474624
140190024478720
140190025527296
140190026579968
140190027632640
140190028681216
140190028685312
140190029733888
140190030782464
140190030786560
140190031835136
140190032879616
140190033936384
140190034984960
140190036029440
140190036033536
140190037078016
140190037082112
140190038134784
140190039183360
140190040227840
140190041280512
140190042329088
140190043377664
140190044426240
140190044430336
140190045478912
140190046527488
140190047576064
140190048624640
140190049673216
140190050721792
140190051766272
140190052823040
140190053875712
140190054928384
140190055981056
140190057033728
140190058082304
140190059130880
140190060179456
140190061223936
140190061228032
140190062276608
140190063321088
140190064369664
140190065422336
140190066462720
140190066466816
140190067511296
140190067515392
140190068563968
140190069608448
140190070652928
140190071701504
140190072754176
140190073802752
140190074855424
140190075899904
140190076948480
140190077997056
140190079045632
140190080098304
140190081142784
140190081146880
140190082195456
140190083239936
140190084284416
140190085332992
140190086381568
140190087434240
140190088482816
140190089531392
140190090579968
140190091624448
140190091628544
140190092668928
140190093721600
140190094770176
140190095822848
140190096875520
140190097924096
140190098972672
140190100025344
140190101078016
140190102126592
140190103179264
140190104223744
140190105276416
140190106324992
140190106329088
140190107373568
140190108422144
140190109474816
140190110519296
140190111567872
140190112612352
140190113660928
140190114709504
140190115758080
140190116810752
140190117859328
140190118903808
140190119956480
140190121005056
140190122049536
140190123094016
140190124142592
140190125187072
140190126239744
140190127284224
140190128332800
140190128336896
140190129385472
140190130434048
140190131486720
140190132535296
140190133579776
140190134628352
140190135676928
140190135681024
140190136729600
140190137782272
140190138839040
140190139887616
140190140936192
140190141980672
140190143029248
140190144073728
140190145122304
140190146166784
140190147207168
140190147211264
140190148259840
140190149312512
140190150365184
140190151413760
140190152462336
140190153506816
140190154559488
140190155608064
140190156656640
140190157705216
140190158753792
140190158757888
140190159802368
140190160850944
140190161899520
140190162952192
140190164004864
140190165053440
140190165057536
140190166106112
140190167150592
140190167154688
140190168199168
140190169243648
140190170288128
140190171340800
140190172385280
140190173433856
140190174486528
140190175535104
140190176579584
140190177632256
140190178672640
140190179721216
140190180773888
140190180777984
140190181826560
140190182875136
140190183923712
140190184968192
140190184972288
140190186020864
140190187069440
140190188122112
140190189174784
140190190219264
140190191271936
140190192320512
140190193364992
140190194409472
140190195462144
140190196387840
140190196391936
140190196396032
140190196400128
140190196404224
140190196408320
140190196412416
140190196416512
140190196420608
140190196424704
140190196428800
140190196432896
140190196510720
140190197559296
140190198607872
140190199652352
140190200705024
140190201753600
140190202802176
140190203854848
140190204903424
140190205952000
140190206996480
140190207000576
140190208045056
140190208049152
140190209097728
140190210150400
140190211194880
140190211198976
140190212243456
140190213292032
140190214340608
140190215385088
140190216441856
140190217486336
140190218539008
140190219587584
140190219591680
140190220640256
140190221692928
140190222745600
140190223794176
140190223798272
140190224842752
140190225899520
140190226944000
140190227988480
140190229032960
140190230085632
140190231138304
140190232186880
140190233231360
140190233235456
140190234279936
140190235328512
140190236381184
140190237429760
140190238482432
140190239531008
140190240571392
140190240575488
140190241619968
140190242668544
140190242672640
140190243721216
140190244773888
140190245814272
140190246862848
140190246866944
140190247915520
140190248968192
140190250020864
140190251069440
140190252118016
140190253162496
140190253166592
140190254211072
140190254215168
140190255263744
140190256312320
140190257364992
140190258409472
140190259453952
140190260506624
140190261551104
140190261555200
140190262603776
140190263652352
140190263656448
140190264696832
140190265737216
140190265741312
140190266785792
140190266789888
140190267838464
140190267842560
140190268895232
140190269939712
140190270984192
140190272028672
140190272032768
140190273081344
140190274129920
140190275174400
140190276227072
140190277279744
140190278328320
140190279376896
140190279380992
140190280429568
140190281478144
140190282526720
140190282530816
140190283575296
140190284623872
140190285668352
140190286712832
140190287761408
140190288809984
140190289858560
140190290911232
140190291959808
140190293008384
140190294056960
140190295105536
140190296162304
140190297206784
140190298259456
140190299312128
140190300360704
140190301417472
140190302466048
140190303514624
140190303518720
140190304563200
140190304567296
140190305615872
140190306664448
140190307717120
140190308769792
140190309818368
140190310871040
140190311919616
140190312964096
140190314012672
140190315061248
140190316109824
140190317162496
140190318211072
140190319259648
140190320300032
140190320304128
140190321348608
140190322397184
140190323445760
140190324498432
140190325555200
140190326603776
140190327652352
140190328705024
140190329753600
140190329757696
140190330802176
140190331850752
140190331854848
140190332907520
140190333952000
140190333956096
140190335000576
140190335004672
140190336053248
140190337097728
140190338146304
140190339203072
140190340247552
140190341287936
140190341292032
140190342344704
140190343389184
140190343393280
140190344441856
140190345494528
140190346539008
140190347583488
140190348627968
140190349676544
140190349680640
140190350725120
140190351777792
140190352822272
140190352826368
140190353870848
140190354923520
140190355968000
140190357012480
140190357016576
140190358061056
140190359109632
140190360158208
140190361206784
140190362255360
140190363299840
140190364344320
140190364348416
140190365396992
140190366445568
140190367498240
140190368542720
140190369591296
140190370643968
140190370648064
140190371692544
140190372745216
140190373793792
140190374842368
140190375895040
140190375899136
140190376947712
140190377996288
140190379044864
140190380093440
140190381137920
140190381142016
140190382182400
140190383230976
140190384275456
140190384279552
140190385324032
140190385328128
140190386372608
140190386376704
140190387421184
140190387425280
140190388469760
140190389514240
140190390562816
140190391607296
140190391611392
140190392659968
140190393708544
140190394757120
140190395805696
140190396858368
140190397906944
140190398959616
140190400004096
140190400008192
140190401060864
140190401064960
140190402113536
140190403162112
140190404202496
140190404206592
140190405251072
140190406299648
140190407352320
140190408400896
140190409445376
140190410498048
140190411546624
140190412595200
140190413647872
140190414700544
140190415745024
140190416797696
140190417846272
140190417850368
140190418894848
140190419939328
140190420996096
140190422044672
140190423093248
140190424141824
140190425190400
140190425194496
140190426243072
140190427291648
140190428336128
140190429380608
140190429384704
140190430429184
140190430433280
140190431485952
140190432530432
140190433587200
140190434635776
140190435684352
140190436732928
140190437773312
140190438825984
140190439878656
140190440931328
140190441975808
140190441979904
140190443024384
140190444068864
140190445117440
140190446166016
140190447214592
140190448267264
140190449315840
140190449319936
140190450368512
140190451417088
140190452461568
140190453514240
140190454562816
140190455611392
140190455615488
140190456664064
140190457712640
140190458757120
140190458761216
140190459809792
140190459813888
140190460866560
140190461911040
140190461915136
140190462959616
140190464004096
140190465052672
140190466101248
140190466105344
140190467149824
140190467153920
140190468202496
140190469246976
140190470295552
140190471340032
140190472392704
140190472396800
140190473445376
140190474162176
140190474166272
140190474170368
140190474174464
140190474178560
140190474182656
140190474186752
140190474190848
140190474194944
140190474199040
140190474203136
140190474207232
140190474493952
140190475542528
140190476595200
140190477639680
140190478684160
140190479736832
140190480789504
140190481842176
140190482894848
140190483943424
140190483947520
140190484992000
140190486040576
140190487085056
140190488133632
140190489178112
140190490226688
140190491275264
140190492319744
140190493368320
140190494416896
140190495465472
140190495469568
140190496518144
140190497566720
140190498619392
140190499667968
140190500720640
140190501765120
140190502809600
140190503854080
140190504902656
140190505947136
140190506999808
140190508044288
140190509092864
140190510137344
140190511190016
140190512234496
140190513283072
140190514339840
140190515384320
140190516428800
140190516432896
140190517473280
140190517477376
140190518525952
140190519574528
140190520627200
140190521679872
140190522728448
140190523777024
140190524829696
140190525878272
140190526926848
140190527979520
140190527983616
140190529036288
140190530084864
140190531133440
140190532182016
140190533230592
140190534279168
140190535323648
140190535327744
140190536380416
140190537428992
140190538481664
140190539530240
140190539534336
140190540578816
140190541627392
140190542675968
140190543720448
140190544773120
140190545821696
140190546874368
140190547918848
140190548967424
140190548971520
140190550020096
140190551064576
140190551068672
140190552121344
140190553169920
140190554218496
140190555262976
140190556311552
140190557364224
140190558404608
140190558408704
140190559453184
140190560509952
140190561558528
140190562611200
140190563663872
140190564708352
140190565756928
140190566805504
140190567854080
140190567858176
140190568906752
140190569955328
140190569959424
140190571008000
140190572060672
140190573109248
140190574157824
140190575202304
140190575206400
140190576250880
140190577303552
140190578356224
140190579400704
140190579404800
140190580453376
140190581501952
140190582554624
140190583607296
140190584659968
140190585712640
140190586761216
140190586765312
140190587809792
140190588858368
140190589911040
140190590955520
140190592004096
140190592008192
140190593056768
140190594105344
140190595153920
140190596202496
140190596206592
140190597251072
140190598299648
140190599352320
140190600404992
140190601453568
140190602498048
140190603542528
140190604591104
140190605639680
140190606688256
140190607736832
140190608789504
140190609846272
140190610890752
140190610894848
140190611939328
140190611943424
140190612992000
140190614040576
140190615093248
140190616141824
140190617190400
140190618238976
140190619291648
140190619295744
140190620340224
140190621384704
140190621388800
140190622433280
140190623481856
140190624526336
140190625579008
140190626627584
140190627676160
140190628720640
140190629769216
140190630817792
140190631866368
140190632919040
140190633963520
140190635008000
140190635012096
140190636056576
140190637105152
140190638153728
140190639198208
140190640246784
140190641295360
140190641299456
140190642352128
140190643400704
140190644449280
140190645497856
140190646550528
140190647599104
140190648647680
140190649696256
140190650744832
140190651789312
140190652841984
140190653894656
140190654947328
140190655991808
140190657040384
140190658093056
140190659141632
140190660194304
140190661246976
140190662299648
140190663348224
140190664396800
140190665445376
140190666498048
140190667550720
140190668595200
140190669643776
140190670696448
140190671745024
140190672793600
140190673842176
140190674886656
140190675931136
140190676979712
140190678032384
140190679080960
140190680129536
140190681174016
140190682218496
140190683271168
140190684315648
140190685364224
140190686404608
140190686408704
140190687461376
140190688509952
140190688514048
140190689558528
140190689562624
140190690607104
140190691655680
140190692700160
140190693748736
140190694797312
140190694801408
140190695849984
140190696898560
140190697938944
140190698983424
140190700036096
140190701084672
140190702129152
140190703177728
140190703181824
140190704226304
140190705278976
140190706323456
140190707372032
140190708424704
140190709473280
140190709477376
140190710521856
140190711574528
140190712623104
140190713671680
140190714720256
140190715768832
140190715772928
140190716821504
140190716825600
140190717870080
140190717874176
140190718918656
140190718922752
140190719963136
140190721007616
140190722056192
140190723108864
140190724157440
140190725206016
140190726258688
140190727303168
140190728347648
140190728351744
140190729400320
140190730448896
140190730452992
140190731497472
140190732546048
140190733594624
140190734651392
140190735695872
140190736740352
140190737788928
140190738841600
140190739890176
140190740942848
140190740946944
140190741995520
140190743044096
140190744096768
140190745145344
140190746193920
140190747246592
140190747250688
140190748295168
140190749343744
140190750396416
140190751444992
140190751936512
140190751940608
140190751944704
140190751948800
140190751952896
140190751956992
140190751961088
140190751965184
140190751969280
140190751973376
140190751977472
140190752501760
140190753546240
140190754594816
140190755643392
140190756696064
140190757744640
140190758793216
140190759845888
140190760898560
140190761947136
140190762995712
140190764044288
140190765092864
140190766141440
140190767194112
140190768242688
140190769291264
140190769295360
140190770339840
140190770343936
140190771388416
140190772436992
140190773489664
140190774534144
140190774538240
140190775578624
140190776627200
140190776631296
140190777683968
140190778724352
140190778728448
140190779772928
140190780825600
140190780829696
140190781878272
140190782930944
140190783983616
140190785036288
140190786080768
140190787133440
140190788182016
140190789234688
140190790287360
140190791331840
140190792380416
140190793437184
140190794481664
140190794485760
140190795530240
140190796578816
140190797623296
140190798671872
140190798675968
140190799724544
140190800764928
140190801813504
140190802857984
140190803906560
140190804955136
140190806011904
140190807060480
140190808109056
140190809161728
140190810206208
140190811254784
140190812299264
140190813347840
140190814400512
140190815449088
140190816501760
140190817546240
140190817550336
140190818594816
140190819643392
140190819647488
140190820691968
140190821732352
140190822780928
140190823829504
140190824878080
140190824882176
140190825930752
140190826979328
140190828032000
140190829076480
140190830125056
140190831173632
140190832222208
140190833270784
140190834323456
140190835372032
140190836424704
140190837473280
140190838521856
140190839570432
140190839574528
140190840623104
140190840627200
140190841671680
140190842724352
140190843772928
140190843777024
140190844825600
140190845870080
140190846922752
140190847971328
140190849019904
140190850068480
140190851121152
140190852165632
140190853214208
140190853218304
140190854262784
140190855311360
140190856355840
140190856359936
140190857408512
140190858457088
140190859505664
140190860558336
140190861602816
140190862651392
140190863699968
140190864744448
140190865801216
140190866845696
140190867894272
140190868942848
140190869991424
140190871035904
140190872084480
140190873128960
140190874177536
140190875222016
140190876262400
140190876266496
140190877315072
140190878363648
140190878367744
140190879412224
140190880460800
140190881509376
140190882557952
140190883610624
140190883614720
140190884655104
140190885707776
140190886752256
140190887796736
140190888849408
140190889897984
140190890946560
140190890950656
140190891999232
140190893047808
140190894096384
140190895149056
140190896197632
140190897250304
140190898294784
140190899343360
140190900391936
140190901440512
140190902484992
140190903533568
140190904578048
140190905630720
140190906679296
140190907727872
140190908776448
140190909816832
140190909820928
140190910869504
140190910873600
140190911918080
140190912962560
140190914011136
140190914015232
140190915059712
140190916108288
140190917152768
140190917156864
140190918201344
140190919258112
140190920306688
140190921351168
140190921355264
140190922403840
140190923448320
140190924496896
140190925545472
140190926598144
140190927642624
140190928687104
140190929727488
140190930780160
140190931832832
140190932881408
140190933925888
140190934974464
140190936027136
140190937075712
140190938124288
140190939172864
140190940221440
140190941270016
140190942314496
140190943367168
140190944411648
140190944415744
140190945464320
140190946512896
140190947561472
140190948605952
140190949654528
140190950703104
140190951759872
140190952804352
140190953852928
140190954901504
140190955945984
140190956994560
140190958039040
140190959091712
140190960136192
140190960140288
140190961188864
140190962237440
140190963286016
140190964334592
140190965383168
140190966431744
140190967488512
140190968532992
140190969577472
140190970626048
140190971678720
140190972719104
140190972723200
140190973767680
140190974820352
140190975868928
140190976921600
140190977970176
140190977974272
140190979026944
140190980075520
140190981124096
140190982172672
140190983229440
140190984273920
140190985322496
140190986366976
140190986371072
140190987419648
140190988472320
140190989520896
140190990565376
140190990569472
140190991609856
140190992355328
140190992359424
140190992363520
140190992367616
140190992371712
140190992375808
140190992379904
140190992384000
140190992388096
140190992392192
140190992396288
140190992400384
140190992658432
140190993707008
140190994755584
140190995795968
140190996840448
140190997889024
140190998933504
140190999977984
140190999982080
140191001026560
140191002075136
140191003127808
140191004172288
140191005224960
140191006269440
140191007318016
140191008366592
140191009415168
140191009419264
140191010463744
140191011512320
140191012556800
140191012560896
140191013609472
140191014653952
140191015702528
140191016755200
140191017799680
140191017803776
140191018840064
140191018844160
140191019892736
140191020941312
140191021989888
140191023038464
140191024082944
140191025131520
140191026180096
140191027232768
140191028277248
140191029325824
140191030374400
140191031418880
140191032467456
140191033520128
140191034568704
140191035621376
140191036669952
140191037722624
140191038771200
140191039819776
140191040864256
140191040868352
140191041921024
140191042965504
140191044014080
140191045058560
140191046111232
140191047155712
140191048208384
140191049256960
140191050305536
140191051354112
140191052398592
140191052402688
140191053451264
140191054503936
140191055552512
140191056601088
140191057649664
140191058698240
140191059746816
140191060799488
140191061848064
140191062896640
140191063941120
140191064989696
140191066042368
140191067086848
140191068135424
140191069179904
140191070232576
140191071277056
140191072325632
140191073370112
140191074422784
140191075471360
140191076519936
140191077572608
140191078621184
140191079669760
140191080722432
140191081766912
140191082815488
140191083864064
140191084908544
140191085961216
140191087005696
140191088050176
140191089098752
140191090151424
140191090155520
140191091200000
140191092248576
140191093297152
140191094341632
140191095390208
140191096442880
140191097487360
140191098535936
140191099584512
140191100633088
140191101681664
140191102730240
140191103782912
140191104831488
140191105880064
140191105884160
140191106924544
140191106928640
140191107977216
140191109021696
140191110074368
140191111118848
140191112171520
140191113220096
140191114268672
140191115313152
140191116361728
140191117414400
140191117418496
140191118462976
140191118467072
140191119511552
140191120556032
140191121604608
140191122653184
140191123701760
140191124754432
140191125803008
140191126851584
140191127900160
140191128952832
140191129997312
140191131041792
140191132090368
140191133138944
140191134183424
140191134187520
140191135236096
140191136288768
140191137333248
140191137337344
140191138385920
140191139430400
140191140478976
140191141523456
140191142572032
140191143620608
140191144669184
140191145721856
140191146770432
140191147814912
140191148867584
140191149916160
140191150960640
140191152009216
140191153057792
140191154110464
140191155163136
140191156215808
140191157260288
140191158308864
140191159353344
140191159357440
140191160401920
140191161450496
140191162499072
140191163543552
140191163547648
140191164588032
140191165636608
140191166685184
140191167733760
140191168782336
140191169835008
140191170879488
140191171932160
140191172980736
140191174033408
140191175077888
140191175081984
140191176126464
140191177170944
140191178215424
140191178219520
140191179259904
140191180308480
140191181357056
140191182405632
140191183454208
140191184498688
140191184502784
140191185547264
140191185551360
140191186599936
140191187648512
140191188697088
140191189737472
140191189741568
140191190794240
140191191838720
140191191842816
140191192891392
140191193939968
140191194988544
140191196037120
140191197081600
140191198134272
140191198138368
140191199186944
140191200235520
140191201288192
140191202332672
140191203373056
140191204425728
140191205470208
140191206518784
140191207571456
140191208624128
140191209672704
140191209676800
140191210725376
140191211769856
140191212818432
140191213867008
140191214915584
140191215960064
140191215964160
140191217008640
140191218057216
140191219105792
140191220150272
140191221202944
140191222251520
140191223300096
140191224348672
140191225397248
140191226445824
140191227494400
140191227498496
140191228547072
140191229595648
140191230644224
140191231688704
140191232741376
140191233785856
140191233789952
140191234838528
140191235883008
140191236931584
140191237976064
140191239024640
140191240073216
140191241121792
140191242170368
140191243223040
140191244267520
140191245316096
140191246364672
140191247409152
140191247413248
140191248457728
140191249506304
140191250554880
140191251603456
140191252647936
140191253692416
140191253696512
140191254740992
140191255789568
140191256834048
140191257878528
140191258923008
140191259967488
140191259971584
140191261020160
140191262068736
140191263117312
140191263121408
140191264165888
140191265214464
140191266263040
140191267311616
140191268364288
140191269412864
140191269416960
140191270129664
140191270133760
140191270137856
140191270141952
140191270146048
140191270150144
140191270154240
140191270158336
140191270162432
140191270166528
140191270170624
140191270174720
140191270461440
140191270465536
140191271514112
140191272566784
140191273619456
140191274663936
140191275712512
140191276761088
140191276765184
140191277813760
140191278866432
140191279910912
140191280963584
140191282012160
140191283052544
140191283056640
140191284109312
140191285157888
140191286202368
140191286206464
140191287255040
140191288299520
140191288303616
140191289348096
140191290396672
140191291445248
140191292493824
140191293542400
140191294595072
140191295647744
140191296692224
140191297740800
140191298785280
140191299833856
140191300882432
140191300886528
140191301935104
140191302987776
140191304036352
140191305080832
140191306129408
140191307173888
140191308222464
140191309275136
140191310327808
140191311372288
140191312424960
140191313477632
140191314530304
140191315578880
140191315582976
140191316627456
140191316631552
140191317680128
140191318724608
140191318728704
140191319773184
140191319777280
140191320825856
140191320829952
140191321874432
140191321878528
140191322923008
140191323971584
140191325020160
140191326072832
140191327121408
140191328165888
140191329206272
140191330254848
140191331303424
140191332347904
140191333392384
140191333396480
140191334445056
140191335493632
140191336542208
140191337590784
140191338635264
140191339679744
140191340728320
140191340732416
140191341776896
140191342825472
140191343874048
140191344914432
140191345963008
140191347007488
140191348056064
140191349104640
140191349108736
140191350153216
140191351201792
140191351205888
140191352258560
140191353303040
140191354355712
140191355400192
140191356452864
140191357497344
140191357501440
140191358554112
140191359602688
140191360651264
140191361699840
140191361703936
140191362744320
140191363792896
140191364841472
140191365885952
140191366934528
140191367983104
140191369031680
140191370088448
140191370092544
140191371141120
140191372185600
140191373238272
140191374286848
140191375339520
140191376388096
140191377436672
140191378485248
140191379529728
140191379533824
140191380582400
140191381630976
140191382679552
140191383728128
140191384772608
140191385821184
140191386877952
140191387930624
140191388979200
140191390027776
140191391084544
140191392133120
140191393181696
140191394230272
140191395278848
140191396327424
140191397376000
140191398420480
140191398424576
140191399473152
140191399477248
140191400525824
140191401574400
140191402627072
140191403679744
140191404728320
140191405776896
140191406821376
140191407865856
140191408914432
140191409967104
140191409971200
140191411019776
140191412068352
140191413116928
140191414161408
140191415201792
140191415205888
140191416250368
140191417303040
140191418347520
140191419404288
140191420448768
140191420452864
140191421497344
140191422541824
140191423582208
140191424630784
140191425679360
140191426727936
140191427776512
140191428829184
140191429877760
140191430926336
140191431979008
140191433023488
140191434072064
140191435124736
140191435128832
140191436177408
140191437230080
140191438274560
140191439319040
140191440371712
140191441420288
140191442477056
140191443521536
140191444570112
140191445614592
140191445618688
140191446663168
140191447711744
140191448760320
140191449812992
140191449817088
140191450861568
140191451906048
140191452950528
140191453999104
140191455051776
140191456104448
140191457153024
140191458201600
140191459250176
140191460294656
140191461339136
140191462383616
140191463428096
140191464476672
140191465525248
140191466565632
140191467614208
140191468666880
140191469715456
140191470768128
140191471816704
140191472861184
140191473909760
140191474962432
140191476011008
140191477055488
140191478108160
140191479152640
140191480201216
140191481249792
140191482294272
140191483351040
140191484399616
140191485452288
140191486500864
140191487549440
140191488593920
140191489642496
140191490686976
140191491735552
140191491739648
140191492788224
140191493836800
140191494885376
140191495929856
140191496982528
140191498035200
140191499083776
140191500132352
140191501180928
140191501185024
140191502225408
140191503273984
140191504322560
140191505362944
140191506411520
140191507460096
140191508508672
140191509561344
140191510605824
140191511658496
140191512707072
140191513755648
140191514804224
140191515844608
140191515848704
140191516884992
140191517937664
140191518986240
140191518990336
140191520034816
140191521087488
140191522136064
140191523184640
140191524229120
140191525273600
140191526322176
140191526326272
140191527374848
140191528419328
140191529467904
140191530512384
140191530516480
140191531565056
140191532613632
140191532617728
140191533666304
140191534710784
140191535755264
140191536803840
140191537852416
140191537856512
140191538900992
140191539953664
140191541006336
140191542054912
140191543103488
140191544147968
140191544152064
140191545196544
140191546249216
140191547297792
140191547904000
140191547908096
140191547912192
140191547916288
140191547920384
140191547924480
140191547928576
140191547932672
140191547936768
140191547940864
140191547944960
140191547949056
140191548346368
140191549390848
140191550439424
140191551488000
140191552532480
140191553576960
140191553581056
140191554621440
140191555665920
140191555670016
140191556714496
140191556718592
140191557763072
140191558811648
140191558815744
140191559864320
140191559868416
140191560908800
140191561957376
140191563005952
140191564054528
140191564058624
140191565099008
140191566151680
140191567200256
140191568248832
140191569301504
140191570345984
140191571394560
140191572439040
140191572443136
140191573487616
140191574532096
140191575580672
140191575584768
140191576633344
140191577677824
140191578730496
140191579779072
140191579783168
140191580831744
140191581876224
140191582932992
140191583977472
140191585034240
140191586086912
140191587135488
140191588175872
140191588179968
140191589228544
140191590281216
140191591329792
140191592378368
140191593426944
140191594467328
140191595515904
140191596568576
140191597608960
140191597613056
140191598657536
140191599697920
140191600754688
140191601799168
140191601803264
140191602847744
140191603900416
140191604948992
140191605997568
140191606001664
140191607046144
140191607050240
140191608098816
140191609143296
140191609147392
140191610187776
140191610191872
140191611236352
140191611240448
140191612276736
140191613329408
140191614373888
140191614377984
140191615422464
140191615426560
140191616475136
140191616479232
140191617527808
140191618572288
140191619616768
140191620665344
140191620669440
140191621722112
140191622766592
140191623819264
140191624863744
140191625912320
140191626964992
140191626969088
140191628017664
140191629066240
140191629070336
140191630114816
140191631155200
140191631159296
140191632207872
140191633252352
140191634300928
140191635349504
140191636398080
140191637446656
140191638499328
140191639552000
140191640596480
140191640600576
140191641649152
140191641653248
140191642705920
140191643750400
140191644794880
140191645843456
140191646887936
140191646892032
140191647932416
140191648980992
140191650029568
140191651082240
140191652122624
140191653171200
140191654219776
140191655268352
140191656316928
140191656321024
140191657373696
140191658426368
140191659474944
140191660519424
140191661563904
140191662612480
140191663665152
140191664709632
140191665758208
140191666802688
140191667851264
140191668908032
140191669952512
140191669956608
140191671005184
140191671009280
140191672061952
140191672066048
140191673114624
140191674167296
140191675215872
140191676264448
140191677317120
140191678365696
140191679414272
140191680462848
140191681515520
140191682568192
140191683616768
140191684669440
140191685713920
140191686762496
140191687811072
140191688859648
140191688863744
140191689912320
140191690960896
140191690964992
140191692013568
140191693066240
140191694123008
140191695171584
140191696220160
140191697272832
140191698325504
140191699374080
140191700422656
140191701475328
140191702523904
140191703572480
140191704616960
140191705661440
140191705665536
140191706714112
140191707762688
140191707766784
140191708811264
140191709855744
140191710904320
140191710908416
140191711952896
140191713001472
140191714045952
140191715090432
140191716143104
140191716147200
140191717191680
140191718240256
140191719288832
140191720341504
140191721390080
140191722438656
140191723487232
140191724539904
140191725580288
140191725584384
140191726628864
140191727677440
140191728730112
140191729774592
140191729778688
140191730827264
140191731875840
140191732920320
140191732924416
140191733968896
140191735021568
140191736070144
140191737114624
140191738167296
140191739211776
140191740260352
140191741308928
140191742353408
140191743401984
140191743406080
140191744446464
140191745490944
140191746535424
140191747584000
140191747588096
140191748636672
140191749677056
140191750725632
140191751774208
140191751778304
140191752826880
140191753875456
140191754924032
140191755968512
140191757017088
140191758065664
140191759114240
140191760158720
140191761211392
140191762264064
140191763312640
140191764357120
140191764361216
140191765401600
140191766446080
140191767494656
140191768547328
140191769600000
140191770648576
140191771697152
140191772741632
140191773786112
140191774838784
140191775887360
140191776935936
140191777980416
140191779024896
140191780073472
140191781122048
140191782174720
140191783219200
140191784267776
140191785320448
140191786369024
140191787417600
140191788462080
140191789510656
140191790559232
140191791611904
140191792664576
140191793713152
140191793717248
140191794761728
140191794765824
140191795818496
140191796867072
140191797911552
140191797915648
140191798960128
140191800008704
140191801057280
140191802105856
140191803146240
140191804194816
140191805243392
140191806291968
140191807344640
140191808389120
140191808393216
140191809437696
140191810486272
140191811534848
140191812583424
140191813636096
140191814688768
140191815737344
140191816785920
140191816790016
140191817838592
140191818883072
140191819931648
140191820972032
140191822020608
140191823069184
140191824117760
140191825166336
140191825678336
140191825682432
140191825686528
140191825690624
140191825694720
140191825698816
140191825702912
140191825707008
140191825711104
140191825715200
140191825719296
140191826210816
140191827259392
140191828312064
140191829356544
140191829360640
140191830409216
140191831461888
140191832510464
140191833554944
140191834603520
140191835656192
140191836704768
140191837749248
140191838801920
140191839846400
140191840894976
140191840899072
140191841943552
140191842992128
140191844036608
140191845089280
140191846133760
140191847178240
140191848230912
140191849275392
140191850328064
140191851372544
140191852421120
140191853465600
140191853469696
140191854514176
140191855562752
140191856607232
140191856611328
140191857659904
140191858712576
140191858716672
140191859761152
140191860809728
140191861858304
140191862898688
140191863947264
140191864991744
140191864995840
140191866040320
140191867088896
140191868137472
140191869190144
140191870230528
140191870234624
140191871279104
140191872331776
140191873372160
140191874412544
140191875465216
140191876509696
140191876513792
140191877558272
140191877562368
140191878602752
140191878606848
140191879651328
140191880699904
140191881748480
140191882801152
140191883849728
140191884894208
140191885942784
140191886987264
140191888035840
140191888039936
140191889084416
140191890137088
140191891177472
140191891181568
140191892226048
140191892230144
140191893274624
140191894323200
140191895367680
140191895371776
140191896420352
140191897468928
140191898517504
140191899566080
140191900614656
140191900618752
140191901671424
140191902715904
140191903764480
140191904808960
140191905861632
140191906914304
140191907966976
140191909015552
140191910064128
140191911116800
140191912165376
140191913218048
140191914266624
140191915315200
140191916363776
140191917408256
140191918456832
140191919505408
140191919509504
140191920558080
140191921606656
140191922659328
140191923703808
140191924752384
140191925800960
140191926845440
140191926849536
140191927894016
140191928938496
140191929991168
140191931039744
140191932092416
140191933145088
140191934193664
140191934197760
140191935242240
140191936286720
140191937335296
140191938383872
140191938387968
140191939428352
140191940476928
140191941525504
140191942574080
140191943618560
140191944667136
140191945715712
140191946760192
140191947812864
140191948857344
140191949905920
140191950954496
140191952003072
140191952007168
140191953055744
140191954100224
140191955144704
140191956193280
140191957241856
140191958290432
140191959343104
140191960387584
140191961436160
140191961440256
140191962488832
140191963533312
140191964585984
140191965634560
140191966687232
140191967735808
140191968784384
140191969828864
140191969832960
140191970881536
140191971930112
140191972982784
140191974031360
140191975088128
140191976136704
140191977185280
140191978229760
140191978233856
140191979282432
140191980335104
140191981383680
140191982436352
140191983480832
140191984525312
140191985577984
140191986626560
140191987675136
140191988727808
140191989776384
140191989780480
140191990820864
140191991861248
140191992905728
140191993958400
140191995006976
140191996055552
140191997108224
140191998152704
140191999205376
140191999209472
140192000245760
140192001290240
140192002342912
140192003391488
140192004440064
140192004444160
140192005484544
140192006533120
140192007577600
140192008622080
140192009670656
140192010719232
140192011763712
140192012804096
140192013852672
140192014897152
140192015941632
140192016986112
140192018034688
140192019079168
140192020127744
140192021180416
140192022228992
140192023281664
140192024322048
140192024326144
140192025370624
140192026411008
140192027463680
140192028516352
140192029564928
140192030617600
140192031662080
140192032718848
140192033771520
140192034816000
140192034820096
140192035860480
140192036913152
140192036917248
140192037965824
140192039018496
140192040067072
140192040071168
140192041123840
140192042172416
140192043216896
140192044265472
140192045314048
140192046362624
140192047411200
140192048459776
140192049504256
140192050556928
140192051605504
140192052654080
140192052658176
140192053702656
140192054755328
140192055799808
140192056844288
140192056848384
140192057896960
140192058945536
140192059994112
140192061042688
140192062087168
140192063135744
140192064180224
140192065228800
140192066097152
140192066101248
140192066105344
140192066109440
140192066113536
140192066117632
140192066121728
140192066125824
140192066129920
140192066134016
140192066138112
140192066142208
140192066277376
140192067321856
140192068374528
140192069427200
140192070475776
140192071520256
140192072568832
140192073617408
140192074661888
140192075710464
140192076767232
140192077811712
140192078868480
140192079912960
140192080961536
140192082006016
140192083054592
140192084103168
140192085155840
140192086204416
140192087252992
140192088305664
140192089354240
140192090398720
140192091447296
140192092499968
140192093548544
140192094597120
140192095641600
140192096686080
140192097734656
140192098779136
140192099827712
140192100880384
140192101928960
140192102977536
140192102981632
140192104030208
140192105082880
140192106131456
140192107180032
140192108228608
140192109281280
140192109285376
140192110329856
140192111378432
140192112418816
140192112422912
140192113467392
140192114515968
140192114520064
140192115564544
140192116613120
140192117661696
140192118710272
140192119754752
140192120807424
140192121856000
140192122904576
140192123957248
140192125001728
140192126050304
140192127098880
140192128147456
140192129191936
140192129196032
140192130248704
140192131293184
140192132337664
140192133386240
140192134434816
140192134438912
140192135487488
140192136536064
140192137588736
140192138633216
140192139677696
140192139681792
140192140726272
140192141778944
140192142823424
140192143872000
140192144916480
140192144920576
140192145960960
140192147009536
140192148054016
140192149098496
140192150147072
140192150151168
140192151195648
140192152244224
140192153292800
140192154337280
140192155381760
140192156430336
140192157483008
140192158531584
140192159580160
140192160620544
140192160624640
140192161665024
140192162713600
140192163762176
140192164810752
140192165859328
140192166907904
140192166912000
140192167964672
140192169013248
140192170065920
140192171114496
140192172163072
140192172167168
140192173219840
140192174272512
140192175312896
140192176365568
140192177418240
140192178466816
140192178470912
140192179519488
140192180568064
140192181612544
140192182661120
140192183709696
140192184762368
140192185810944
140192185815040
140192186855424
140192186859520
140192187904000
140192187908096
140192188948480
140192188952576
140192190001152
140192190005248
140192191049728
140192192094208
140192193150976
140192194199552
140192195248128
140192196296704
140192197349376
140192198397952
140192199442432
140192200491008
140192201531392
140192202579968
140192202584064
140192203632640
140192204681216
140192205729792
140192206774272
140192207818752
140192207822848
140192208867328
140192208871424
140192209920000
140192210968576
140192212013056
140192212017152
140192213057536
140192213061632
140192214102016
140192215150592
140192216203264
140192217247744
140192218296320
140192219340800
140192219344896
140192220393472
140192221442048
140192222490624
140192223539200
140192224595968
140192225648640
140192226701312
140192227749888
140192227753984
140192228798464
140192228802560
140192229847040
140192230891520
140192231936000
140192232984576
140192234024960
140192234029056
140192235077632
140192235081728
140192236126208
140192237174784
140192238223360
140192238227456
140192239271936
140192240324608
140192241373184
140192242421760
140192243462144
140192244514816
140192245567488
140192246616064
140192247664640
140192248709120
140192249757696
140192250806272
140192251846656
140192251850752
140192252895232
140192252899328
140192253943808
140192254992384
140192254996480
140192256036864
140192256040960
140192257085440
140192258134016
140192259178496
140192260227072
140192260231168
140192261271552
140192262320128
140192263368704
140192264417280
140192265457664
140192265461760
140192266510336
140192267550720
140192268599296
140192269651968
140192270692352
140192271736832
140192272793600
140192273846272
140192274886656
140192275931136
140192275935232
140192276979712
140192278028288
140192279072768
140192280121344
140192281174016
140192282226688
140192283275264
140192284319744
140192284323840
140192285376512
140192286420992
140192287465472
140192287469568
140192288522240
140192289570816
140192290619392
140192291667968
140192291672064
140192292720640
140192293769216
140192293773312
140192294813696
140192295862272
140192296910848
140192297955328
140192299003904
140192299008000
140192300052480
140192301096960
140192301101056
140192302145536
140192303194112
140192304242688
140192305287168
140192306339840
140192306343936
140192307392512
140192308441088
140192309485568
140192310534144
140192311586816
140192312631296
140192313679872
140192314732544
140192315781120
140192316829696
140192316833792
140192317878272
140192318926848
140192319975424
140192321024000
140192322072576
140192323121152
140192324169728
140192325222400
140192326266880
140192326270976
140192327315456
140192327319552
140192328364032
140192328368128
140192329420800
140192330469376
140192330473472
140192331522048
140192332566528
140192333611008
140192334655488
140192335699968
140192335704064
140192336748544
140192336752640
140192337805312
140192338845696
140192338849792
140192339898368
140192340942848
140192340946944
140192341995520
140192343044096
140192343048192
140192343871488
140192343875584
140192343879680
140192343883776
140192343887872
140192343891968
140192343896064
140192343900160
140192343904256
140192343908352
140192343912448
140192343916544
140192344096768
140192345145344
140192346193920
140192347242496
140192348282880
140192348286976
140192349331456
140192350380032
140192351424512
140192352468992
140192353525760
140192354570240
140192355614720
140192356663296
140192357711872
140192358752256
140192359796736
140192360841216
140192361889792
140192362942464
140192363986944
140192365031424
140192366084096
140192367136768
140192368181248
140192369225728
140192369229824
140192370278400
140192371322880
140192371326976
140192372367360
140192373415936
140192374460416
140192375508992
140192376557568
140192377606144
140192378654720
140192379703296
140192380751872
140192380755968
140192381800448
140192381804544
140192382849024
140192383901696
140192384946176
140192385998848
140192387043328
140192388096000
140192389144576
140192390189056
140192391237632
140192392286208
140192393338880
140192394391552
140192395440128
140192396484608
140192397533184
140192398581760
140192399626240
140192399630336
140192400674816
140192401723392
140192402776064
140192403824640
140192404869120
140192404873216
140192405913600
140192405917696
140192406966272
140192408014848
140192409067520
140192410120192
140192411168768
140192412217344
140192413261824
140192414306304
140192414310400
140192415354880
140192415358976
140192416407552
140192417456128
140192418504704
140192419553280
140192420601856
140192421646336
140192422694912
140192423739392
140192424787968
140192425836544
140192426881024
140192427929600
140192428974080
140192428978176
140192430022656
140192431071232
140192432115712
140192432119808
140192433168384
140192434212864
140192434216960
140192435269632
140192436314112
140192437354496
140192437358592
140192438407168
140192439455744
140192440504320
140192441552896
140192442605568
140192443654144
140192444706816
140192445751296
140192445755392
140192446803968
140192447852544
140192448901120
140192448905216
140192449949696
140192449953792
140192450998272
140192451002368
140192452046848
140192453095424
140192454144000
140192455192576
140192455196672
140192456237056
140192456241152
140192457289728
140192458342400
140192459386880
140192460435456
140192461479936
140192462528512
140192463568896
140192463572992
140192464617472
140192465670144
140192466714624
140192466718720
140192467759104
140192467763200
140192468807680
140192469860352
140192470904832
140192471953408
140192473001984
140192474054656
140192475103232
140192476147712
140192477196288
140192477200384
140192478248960
140192478253056
140192479297536
140192479301632
140192480350208
140192481394688
140192481398784
140192482447360
140192483495936
140192483500032
140192484544512
140192485593088
140192486641664
140192487694336
140192488738816
140192489787392
140192489791488
140192490835968
140192491884544
140192492933120
140192493985792
140192495034368
140192496078848
140192496082944
140192497131520
140192497135616
140192498180096
140192499228672
140192499232768
140192500277248
140192501321728
140192501325824
140192502370304
140192503414784
140192504467456
140192505516032
140192506564608
140192507613184
140192508657664
140192509706240
140192510750720
140192511799296
140192511803392
140192512847872
140192513896448
140192514940928
140192515993600
140192517038080
140192518086656
140192519131136
140192520175616
140192521224192
140192521228288
140192522272768
140192523321344
140192524374016
140192525418496
140192526467072
140192527515648
140192528560128
140192528564224
140192529612800
140192530661376
140192531705856
140192532758528
140192533807104
140192534855680
140192535904256
140192536956928
140192538005504
140192539049984
140192540094464
140192541151232
140192542199808
140192543248384
140192544292864
140192544296960
140192545345536
140192546394112
140192547446784
140192548491264
140192549543936
140192550592512
140192550596608
140192551645184
140192552693760
140192553746432
140192554795008
140192555843584
140192556892160
140192557936640
140192558985216
140192560033792
140192561086464
140192562135040
140192562139136
140192563183616
140192563187712
140192564232192
140192565280768
140192566329344
140192567377920
140192568430592
140192569479168
140192570531840
140192571572224
140192571576320
140192572628992
140192573681664
140192574726144
140192575770624
140192576815104
140192577867776
140192578916352
140192579964928
140192581009408
140192581013504
140192582062080
140192583110656
140192583114752
140192584163328
140192585216000
140192586264576
140192587317248
140192588361728
140192589406208
140192590454784
140192591503360
140192592551936
140192593592320
140192594640896
140192594644992
140192595689472
140192595693568
140192596742144
140192597790720
140192598839296
140192599887872
140192600936448
140192601985024
140192603033600
140192604086272
140192605134848
140192606183424
140192607232000
140192608280576
140192609333248
140192610377728
140192610381824
140192611426304
140192612470784
140192613515264
140192614563840
140192615608320
140192616656896
140192617709568
140192618754048
140192618758144
140192619806720
140192620855296
140192621645824
140192621649920
140192621654016
140192621658112
140192621662208
140192621666304
140192621670400
140192621674496
140192621678592
140192621682688
140192621686784
140192621690880
140192621899776
140192621903872
140192622944256
140192622948352
140192623992832
140192625041408
140192626085888
140192626089984
140192627138560
140192628187136
140192629235712
140192630284288
140192631328768
140192632373248
140192633425920
140192634474496
140192635523072
140192636571648
140192637620224
140192638664704
140192638668800
140192639721472
140192640765952
140192641810432
140192642859008
140192643907584
140192644956160
140192646000640
140192647053312
140192648105984
140192649154560
140192650199040
140192651251712
140192652296192
140192653340672
140192654385152
140192655429632
140192656478208
140192657526784
140192658575360
140192659623936
140192660672512
140192661725184
140192662769664
140192663822336
140192664875008
140192665919488
140192666963968
140192668016640
140192669065216
140192670109696
140192671158272
140192672210944
140192673263616
140192674312192
140192675360768
140192676405248
140192677449728
140192678494208
140192679542784
140192680587264
140192681635840
140192682684416
140192683732992
140192683737088
140192684781568
140192685838336
140192686886912
140192687927296
140192688979968
140192690024448
140192691073024
140192692121600
140192693166080
140192693170176
140192694214656
140192695263232
140192696315904
140192697360384
140192698404864
140192699453440
140192700497920
140192700502016
140192701546496
140192701550592
140192702603264
140192703651840
140192704704512
140192705753088
140192706797568
140192707846144
140192708898816
140192709947392
140192710991872
140192712036352
140192713084928
140192714133504
140192714137600
140192715182080
140192716230656
140192717275136
140192718319616
140192718323712
140192719368192
140192719372288
140192720420864
140192721465344
140192721469440
140192722513920
140192723558400
140192724606976
140192725651456
140192726704128
140192727752704
140192728801280
140192729845760
140192730894336
140192730898432
140192731951104
140192732999680
140192734044160
140192735096832
140192736145408
140192736149504
140192737193984
140192738238464
140192739291136
140192740335616
140192741380096
140192741384192
140192742432768
140192743489536
140192744538112
140192745582592
140192746627072
140192746631168
140192747683840
140192748732416
140192749780992
140192750833664
140192751882240
140192752922624
140192752926720
140192753975296
140192755023872
140192756072448
140192757121024
140192758165504
140192758169600
140192759218176
140192760266752
140192761311232
140192761315328
140192762363904
140192763416576
140192764461056
140192765513728
140192766566400
140192767614976
140192768659456
140192769708032
140192770756608
140192771801088
140192772849664
140192773894144
140192774946816
140192774950912
140192775999488
140192777048064
140192778096640
140192779141120
140192780189696
140192781234176
140192782282752
140192783327232
140192783331328
140192784379904
140192785428480
140192786472960
140192787517440
140192788566016
140192789622784
140192790667264
140192791707648
140192791711744
140192792760320
140192792764416
140192793812992
140192794861568
140192795910144
140192796962816
140192798011392
140192799055872
140192799059968
140192800100352
140192801148928
140192802197504
140192802201600
140192803250176
140192804302848
140192805347328
140192806400000
140192807448576
140192808493056
140192808497152
140192809541632
140192810590208
140192811634688
140192812683264
140192813735936
140192814784512
140192815833088
140192816881664
140192817930240
140192818978816
140192820027392
140192821075968
140192822124544
140192823164928
140192824209408
140192825257984
140192826306560
140192827355136
140192828395520
140192828399616
140192829448192
140192830496768
140192831541248
140192832589824
140192833638400
140192834691072
140192835739648
140192836788224
140192837836800
140192838885376
140192839933952
140192840986624
140192842035200
140192843083776
140192844128256
140192845176832
140192846225408
140192846229504
140192847273984
140192848322560
140192849367040
140192850415616
140192851464192
140192852512768
140192853565440
140192854614016
140192855666688
140192856715264
140192857767936
140192858820608
140192859873280
140192860921856
140192860925952
140192861970432
140192861974528
140192863019008
140192864067584
140192865112064
140192866156544
140192867209216
140192868253696
140192869302272
140192870350848
140192871399424
140192872452096
140192873500672
140192874549248
140192874553344
140192875601920
140192876646400
140192876650496
140192877699072
140192878743552
140192879792128
140192879796224
140192880840704
140192881889280
140192881893376
140192882941952
140192882946048
140192883994624
140192885047296
140192886091776
140192887144448
140192888193024
140192888197120
140192889241600
140192890290176
140192891342848
140192892387328
140192893435904
140192894480384
140192894484480
140192895533056
140192896577536
140192897630208
140192898678784
140192898682880
140192899420160
140192899424256
140192899428352
140192899432448
140192899436544
140192899440640
140192899444736
140192899448832
140192899452928
140192899457024
140192899461120
140192899735552
140192900784128
140192901828608
140192902877184
140192903929856
140192904978432
140192904982528
140192906031104
140192907083776
140192908128256
140192908132352
140192909176832
140192910229504
140192911273984
140192912326656
140192913367040
140192913371136
140192914419712
140192915476480
140192916529152
140192917573632
140192918618112
140192919662592
140192920711168
140192921759744
140192922812416
140192923860992
140192924905472
140192925958144
140192927006720
140192927010816
140192928055296
140192929099776
140192929103872
140192930152448
140192931201024
140192932249600
140192933302272
140192934346752
140192935395328
140192936439808
140192936443904
140192937488384
140192938536960
140192939585536
140192940630016
140192940634112
140192941678592
140192942731264
140192943771648
140192944820224
140192945864704
140192946913280
140192947957760
140192947961856
140192949010432
140192950