**Core 02 Core_Total  Finished:   insts:4999999     cycles:8316265    (8316264) seconds:42    -- 0.60 IPC (0.60 IPC) --  N/A  KHz (119.05 KHz)
**Core 03 Core_Total  Finished:   insts:4999999     cycles:8609461    (8609460) seconds:43    -- 0.58 IPC (0.58 IPC) --  N/A  KHz (116.28 KHz)
**Core 00 Core_Total  Finished:   insts:4999999     cycles:8719399    (8719398) seconds:44    -- 0.57 IPC (0.57 IPC) --  N/A  KHz (113.64 KHz)
**Core 01 Core_Total  Finished:   insts:4999999     cycles:11320663   (11320662) seconds:48    -- 0.44 IPC (0.44 IPC) --  N/A  KHz (104.17 KHz)
Core 0 stalls(mem): 4543973
Core 0 stalls(other): 1035206
Core 0 retires: 3140219
Core 1 stalls(mem): 6857307
Core 1 stalls(other): 1222057
Core 1 retires: 3240436
Core 2 stalls(mem): 4008208
Core 2 stalls(other): 1118531
Core 2 retires: 3188663
Core 3 stalls(mem): 4422736
Core 3 stalls(other): 1014463
Core 3 retires: 3171398
### Thread Info =====================
|                                 Generic Info |                                                                                   Latency |      Miscellaneous |        Finish Time |
| ThreadID     CurInst /   TotalInst = Percent |   Avg(HostHit)   Avg(LogRead)  Avg(LogWrite)  Avg(CacheHit) Avg(CacheMiss)     Avg(Total) |      Acc(TimeDiff) |         FinishTime |
|        0           0 /           0 =   -nan% |       66.16 ns        0.00 ns        0.00 ns        0.00 ns        0.00 ns       66.16 ns |      0.000000000 s |      0.000000000 s |
|        1           0 /           0 =   -nan% |        0.00 ns        0.00 ns        0.00 ns        0.00 ns        0.00 ns        0.00 ns |      0.000000000 s |      0.000000000 s |
|        2           0 /           0 =   -nan% |        0.00 ns        0.00 ns        0.00 ns        0.00 ns        0.00 ns        0.00 ns |      0.000000000 s |      0.000000000 s |
|        3           0 /           0 =   -nan% |        0.00 ns        0.00 ns        0.00 ns        0.00 ns        0.00 ns        0.00 ns |      0.000000000 s |      0.000000000 s |
Program_Finish_Time(All):   0.000000
Program_Finish_Time(Real):   0.000000
### Logical Core Info =====================
Core #0 : Status:       Idle [Current: N/A, Scheduled:   0] Idle/Busy/ContextSwitch: (      -nan% /       -nan% /       -nan%) [    0.000000000 ns /     0.000000000 ns /     0.000000000 ns]
Total_Cores_Idle_Time:   0.000000
Total_Cores_Context_Switch_Time:   0.000000
Total_Cores_Busy_Time:   0.000000
Latency_CDF_Timestamp: 0 10 20 30 40 50 60 70 80 90 100 110 120 130 140 150 160 170 180 190 200 210 220 230 240 250 260 270 280 290 300 310 320 330 340 350 360 370 380 390 400 410 420 430 440 450 460 470 480 490 500 510 520 530 540 550 560 570 580 590 600 610 620 630 640 650 660 670 680 690 700 710 720 730 740 750 760 770 780 790 800 810 820 830 840 850 860 870 880 890 900 910 920 930 940 950 960 970 980 990 1000 1100 1200 1300 1400 1500 1600 1700 1800 1900 2000 2100 2200 2300 2400 2500 2600 2700 2800 2900 3000 3100 3200 3300 3400 3500 3600 3700 3800 3900 4000 4100 4200 4300 4400 4500 4600 4700 4800 4900 5000 5100 5200 5300 5400 5500 5600 5700 5800 5900 6000 6100 6200 6300 6400 6500 6600 6700 6800 6900 7000 7100 7200 7300 7400 7500 7600 7700 7800 7900 8000 8100 8200 8300 8400 8500 8600 8700 8800 8900 9000 9100 9200 9300 9400 9500 9600 9700 9800 9900 10000 11000 12000 13000 14000 15000 16000 17000 18000 19000 20000 21000 22000 23000 24000 25000 26000 27000 28000 29000 30000 31000 32000 33000 34000 35000 36000 37000 38000 39000 40000 41000 42000 43000 44000 45000 46000 47000 48000 49000 50000 51000 52000 53000 54000 55000 56000 57000 58000 59000 60000 61000 62000 63000 64000 65000 66000 67000 68000 69000 70000 71000 72000 73000 74000 75000 76000 77000 78000 79000 80000 81000 82000 83000 84000 85000 86000 87000 88000 89000 90000 91000 92000 93000 94000 95000 96000 97000 98000 99000 100000 110000 120000 130000 140000 150000 160000 170000 180000 190000 200000 210000 220000 230000 240000 250000 260000 270000 280000 290000 300000 310000 320000 330000 340000 350000 360000 370000 380000 390000 400000 410000 420000 430000 440000 450000 460000 470000 480000 490000 500000 510000 520000 530000 540000 550000 560000 570000 580000 590000 600000 610000 620000 630000 640000 650000 660000 670000 680000 690000 700000 710000 720000 730000 740000 750000 760000 770000 780000 790000 800000 810000 820000 830000 840000 850000 860000 870000 880000 890000 900000 910000 920000 930000 940000 950000 960000 970000 980000 990000 1000000 1100000 1200000 1300000 1400000 1500000 1600000 1700000 1800000 1900000 2000000 2100000 2200000 2300000 2400000 2500000 2600000 2700000 2800000 2900000 3000000 3100000 3200000 3300000 3400000 3500000 3600000 3700000 3800000 3900000 4000000 4100000 4200000 4300000 4400000 4500000 4600000 4700000 4800000 4900000 5000000 5100000 5200000 5300000 5400000 5500000 5600000 5700000 5800000 5900000 6000000 6100000 6200000 6300000 6400000 6500000 6600000 6700000 6800000 6900000 7000000 7100000 7200000 7300000 7400000 7500000 7600000 7700000 7800000 7900000 8000000 8100000 8200000 8300000 8400000 8500000 8600000 8700000 8800000 8900000 9000000 9100000 9200000 9300000 9400000 9500000 9600000 9700000 9800000 9900000 10000000 11000000 12000000 13000000 14000000 15000000 16000000 17000000 18000000 19000000 20000000 21000000 22000000 23000000 24000000 25000000 26000000 27000000 28000000 29000000 30000000 31000000 32000000 33000000 34000000 35000000 36000000 37000000 38000000 39000000 40000000 41000000 42000000 43000000 44000000 45000000 46000000 47000000 48000000 49000000 50000000 51000000 52000000 53000000 54000000 55000000 56000000 57000000 58000000 59000000 60000000 61000000 62000000 63000000 64000000 65000000 66000000 67000000 68000000 69000000 70000000 71000000 72000000 73000000 74000000 75000000 76000000 77000000 78000000 79000000 80000000 81000000 82000000 83000000 84000000 85000000 86000000 87000000 88000000 89000000 90000000 91000000 92000000 93000000 94000000 95000000 96000000 97000000 98000000 99000000 100000000
Latency_CDF_Data: 0 0 0 16754 642 892 1134 1246 7642 972 616 843 352 370 330 234 241 195 98 171 129 86 46 99 75 31 34 27 20 23 14 10 12 5 6 6 6 6 3 4 4 1 4 0 0 2 0 0 0 0 0 0 0 0 0 0 0 0 0 0 0 0 0 0 0 0 0 0 0 0 0 0 0 0 0 0 0 0 0 0 0 0 0 0 0 0 0 0 0 0 0 0 0 0 0 0 0 0 0 0 0 0 0 0 0 0 0 0 0 0 0 0 0 0 0 0 0 0 0 0 0 0 0 0 0 0 0 0 0 0 0 0 0 0 0 0 0 0 0 0 0 0 0 0 0 0 0 0 0 0 0 0 0 0 0 0 0 0 0 0 0 0 0 0 0 0 0 0 0 0 0 0 0 0 0 0 0 0 0 0 0 0 0 0 0 0 0 0 0 0 0 0 0 0 0 0 0 0 0 0 0 0 0 0 0 0 0 0 0 0 0 0 0 0 0 0 0 0 0 0 0 0 0 0 0 0 0 0 0 0 0 0 0 0 0 0 0 0 0 0 0 0 0 0 0 0 0 0 0 0 0 0 0 0 0 0 0 0 0 0 0 0 0 0 0 0 0 0 0 0 0 0 0 0 0 0 0 0 0 0 0 0 0 0 0 0 0 0 0 0 0 0 0 0 0 0 0 0 0 0 0 0 0 0 0 0 0 0 0 0 0 0 0 0 0 0 0 0 0 0 0 0 0 0 0 0 0 0 0 0 0 0 0 0 0 0 0 0 0 0 0 0 0 0 0 0 0 0 0 0 0 0 0 0 0 0 0 0 0 0 0 0 0 0 0 0 0 0 0 0 0 0 0 0 0 0 0 0 0 0 0 0 0 0 0 0 0 0 0 0 0 0 0 0 0 0 0 0 0 0 0 0 0 0 0 0 0 0 0 0 0 0 0 0 0 0 0 0 0 0 0 0 0 0 0 0 0 0 0 0 0 0 0 0 0 0 0 0 0 0 0 0 0 0 0 0 0 0 0 0 0 0 0 0 0 0 0 0 0 0 0 0 0 0 0 0 0 0 0 0 0 0 0 0 0 0 0 0 0 0 0 0 0 0 0 0 0 0 0 0 0 0 0 0 0 0 0 0 0 0 0 0 0 0 0 0 0 0 0 0 0 0 0 0 0 0 0 0 0 0 0 0 0 0 0 0 0 0 0 0 0 0 0 0 0 0 0 0 0 0 0 0 0 0 0 0 0 0 0 0 0
Overall_Average_Latency: 66.163037
Total Data Footprint: 8620 kB (0.008 GB)
**Core 02 Core_Total  Finished:   insts:4999999     cycles:44136297   (44136296) seconds:159   -- 0.11 IPC (0.11 IPC) --  N/A  KHz (31.45 KHz)
**Core 03 Core_Total  Finished:   insts:4999999     cycles:49960533   (49960532) seconds:179   -- 0.10 IPC (0.10 IPC) --  N/A  KHz (27.93 KHz)
**Core 00 Core_Total  Finished:   insts:4999999     cycles:52233995   (52233994) seconds:184   -- 0.10 IPC (0.10 IPC) --  N/A  KHz (27.17 KHz)
**Core 01 Core_Total  Finished:   insts:4999999     cycles:53878011   (53878010) seconds:186   -- 0.09 IPC (0.09 IPC) --  N/A  KHz (26.88 KHz)
Core 0 stalls(mem): 48094892
Core 0 stalls(other): 1001503
Core 0 retires: 3137599
Core 1 stalls(mem): 49433355
Core 1 stalls(other): 1205841
Core 1 retires: 3237952
Core 2 stalls(mem): 39851548
Core 2 stalls(other): 1099812
Core 2 retires: 3184074
Core 3 stalls(mem): 45769779
Core 3 stalls(other): 1020507
Core 3 retires: 3169383
### Thread Info =====================
|                                 Generic Info |                                                                                   Latency |      Miscellaneous |        Finish Time |
| ThreadID     CurInst /   TotalInst = Percent |   Avg(HostHit)   Avg(LogRead)  Avg(LogWrite)  Avg(CacheHit) Avg(CacheMiss)     Avg(Total) |      Acc(TimeDiff) |         FinishTime |
|        0           0 /           0 =   -nan% |       53.67 ns        0.00 ns        0.00 ns      158.00 ns    17762.42 ns     1412.53 ns |      0.000000000 s |      0.000000000 s |
|        1           0 /           0 =   -nan% |        0.00 ns        0.00 ns        0.00 ns        0.00 ns        0.00 ns        0.00 ns |      0.000000000 s |      0.000000000 s |
|        2           0 /           0 =   -nan% |        0.00 ns        0.00 ns        0.00 ns        0.00 ns        0.00 ns        0.00 ns |      0.000000000 s |      0.000000000 s |
|        3           0 /           0 =   -nan% |        0.00 ns        0.00 ns        0.00 ns        0.00 ns        0.00 ns        0.00 ns |      0.000000000 s |      0.000000000 s |
Program_Finish_Time(All): -424936686612807257399366658927099039075862115648552689962342420578304.000000
Program_Finish_Time(Real):   0.000000
### Logical Core Info =====================
Core #0 : Status:       Idle [Current: N/A, Scheduled:   0] Idle/Busy/ContextSwitch: (      -nan% /       -nan% /       -nan%) [    0.000000000 ns /     0.000000000 ns /     0.000000000 ns]
Total_Cores_Idle_Time:   0.000000
Total_Cores_Context_Switch_Time:   0.000000
Total_Cores_Busy_Time:   0.000000
Latency_CDF_Timestamp: 0 10 20 30 40 50 60 70 80 90 100 110 120 130 140 150 160 170 180 190 200 210 220 230 240 250 260 270 280 290 300 310 320 330 340 350 360 370 380 390 400 410 420 430 440 450 460 470 480 490 500 510 520 530 540 550 560 570 580 590 600 610 620 630 640 650 660 670 680 690 700 710 720 730 740 750 760 770 780 790 800 810 820 830 840 850 860 870 880 890 900 910 920 930 940 950 960 970 980 990 1000 1100 1200 1300 1400 1500 1600 1700 1800 1900 2000 2100 2200 2300 2400 2500 2600 2700 2800 2900 3000 3100 3200 3300 3400 3500 3600 3700 3800 3900 4000 4100 4200 4300 4400 4500 4600 4700 4800 4900 5000 5100 5200 5300 5400 5500 5600 5700 5800 5900 6000 6100 6200 6300 6400 6500 6600 6700 6800 6900 7000 7100 7200 7300 7400 7500 7600 7700 7800 7900 8000 8100 8200 8300 8400 8500 8600 8700 8800 8900 9000 9100 9200 9300 9400 9500 9600 9700 9800 9900 10000 11000 12000 13000 14000 15000 16000 17000 18000 19000 20000 21000 22000 23000 24000 25000 26000 27000 28000 29000 30000 31000 32000 33000 34000 35000 36000 37000 38000 39000 40000 41000 42000 43000 44000 45000 46000 47000 48000 49000 50000 51000 52000 53000 54000 55000 56000 57000 58000 59000 60000 61000 62000 63000 64000 65000 66000 67000 68000 69000 70000 71000 72000 73000 74000 75000 76000 77000 78000 79000 80000 81000 82000 83000 84000 85000 86000 87000 88000 89000 90000 91000 92000 93000 94000 95000 96000 97000 98000 99000 100000 110000 120000 130000 140000 150000 160000 170000 180000 190000 200000 210000 220000 230000 240000 250000 260000 270000 280000 290000 300000 310000 320000 330000 340000 350000 360000 370000 380000 390000 400000 410000 420000 430000 440000 450000 460000 470000 480000 490000 500000 510000 520000 530000 540000 550000 560000 570000 580000 590000 600000 610000 620000 630000 640000 650000 660000 670000 680000 690000 700000 710000 720000 730000 740000 750000 760000 770000 780000 790000 800000 810000 820000 830000 840000 850000 860000 870000 880000 890000 900000 910000 920000 930000 940000 950000 960000 970000 980000 990000 1000000 1100000 1200000 1300000 1400000 1500000 1600000 1700000 1800000 1900000 2000000 2100000 2200000 2300000 2400000 2500000 2600000 2700000 2800000 2900000 3000000 3100000 3200000 3300000 3400000 3500000 3600000 3700000 3800000 3900000 4000000 4100000 4200000 4300000 4400000 4500000 4600000 4700000 4800000 4900000 5000000 5100000 5200000 5300000 5400000 5500000 5600000 5700000 5800000 5900000 6000000 6100000 6200000 6300000 6400000 6500000 6600000 6700000 6800000 6900000 7000000 7100000 7200000 7300000 7400000 7500000 7600000 7700000 7800000 7900000 8000000 8100000 8200000 8300000 8400000 8500000 8600000 8700000 8800000 8900000 9000000 9100000 9200000 9300000 9400000 9500000 9600000 9700000 9800000 9900000 10000000 11000000 12000000 13000000 14000000 15000000 16000000 17000000 18000000 19000000 20000000 21000000 22000000 23000000 24000000 25000000 26000000 27000000 28000000 29000000 30000000 31000000 32000000 33000000 34000000 35000000 36000000 37000000 38000000 39000000 40000000 41000000 42000000 43000000 44000000 45000000 46000000 47000000 48000000 49000000 50000000 51000000 52000000 53000000 54000000 55000000 56000000 57000000 58000000 59000000 60000000 61000000 62000000 63000000 64000000 65000000 66000000 67000000 68000000 69000000 70000000 71000000 72000000 73000000 74000000 75000000 76000000 77000000 78000000 79000000 80000000 81000000 82000000 83000000 84000000 85000000 86000000 87000000 88000000 89000000 90000000 91000000 92000000 93000000 94000000 95000000 96000000 97000000 98000000 99000000 100000000
Latency_CDF_Data: 0 0 0 942 7 2 3 17 518 0 1 2 0 0 0 29505 1 0 0 0 0 0 0 0 0 0 0 0 0 0 0 0 0 0 0 0 0 1 0 0 0 0 0 0 0 0 0 0 0 0 0 0 0 0 0 0 0 0 0 0 0 0 0 0 0 0 0 0 0 0 0 0 0 0 0 0 0 0 0 0 0 0 0 0 0 0 0 0 0 0 0 0 0 0 0 0 0 0 0 0 0 0 0 0 0 0 0 0 0 0 0 0 0 0 0 0 1 1 4 9 13 1418 1 3 2 5 1 6 4 8 7 7 3 3 2 3 6 4 8 7 5 2 4 6 1 4 2 8 8 2 6 5 1 2 2 2 0 3 3 5 1 1 1 7 6 2 1 2 3 0 2 1 2 0 3 1 2 2 3 2 2 2 4 1 1 2 1 1 2 3 8 14 17 16 13 12 8 5 10 15 8 5 8 3 8 3 15 1 7 3 6 5 9 12 8 6 11 5 3 5 2 5 13 5 8 9 9 6 13 8 9 7 9 9 9 13 7 9 4 12 14 8 20 12 8 11 11 12 17 25 16 14 15 9 14 13 15 11 11 20 6 14 12 6 0 0 0 0 0 0 0 0 0 0 0 0 0 0 0 0 0 0 0 0 0 0 0 0 0 0 0 0 0 0 0 0 0 0 0 0 0 0 0 0 0 0 0 0 0 0 0 0 0 0 0 0 0 0 0 0 0 0 0 0 0 0 0 0 0 0 0 0 0 0 0 0 0 0 0 0 0 0 0 0 0 0 0 0 0 0 0 0 0 0 0 0 0 0 0 0 0 0 0 0 0 0 0 0 0 0 0 0 0 0 0 0 0 0 0 0 0 0 0 0 0 0 0 0 0 0 0 0 0 0 0 0 0 0 0 0 0 0 0 0 0 0 0 0 0 0 0 0 0 0 0 0 0 0 0 0 0 0 0 0 0 0 0 0 0 0 0 0 0 0 0 0 0 0 0 0 0 0 0 0 0 0 0 0 0 0 0 0 0 0 0 0 0 0 0 0 0 0 0 0 0 0 0 0 0 0 0 0 0 0 0 0 0 0 0 0 0 0 0 0 0 0 0 0 0 0 0 0 0 0 0 0 0 0 0 0 0 0 0 0 0 0 0 0 0 0 0 0 0 0 0 0 0 0 0 0 0 0 0 0 0 0 0 0 0 0 0 0 0 0 0 0 0 0 0 0 0 0 0 0 0 0 0 0 0 0 0
Overall_Average_Latency: 1412.525130
Log
    Write operation:        0                   
    Read operation:         0                   
    Read partial hit:       0                   
    Read log hit:           0                   
    Direct NAND read:       0                   
    Coalescing NAND read:   0                   
    NAND write:             0                   
    Log append:             0                   
    Log flush:              0                   
Internal Traffic
    Total NAND rd user:     2155                
    Total NAND rd internal: 0                   
    Total NAND rd GC:       0                   
    Total NAND wr user:     1180                
    Total NAND wr internal: 0                   
    Total NAND wr GC:       0                   
========== ByteFS rw modification distribution ==========
  2%: r    -nan%, w    -nan%     3%: r    -nan%, w    -nan%     5%: r    -nan%, w    -nan%     6%: r    -nan%, w    -nan%   
  8%: r    -nan%, w    -nan%     9%: r    -nan%, w    -nan%    11%: r    -nan%, w    -nan%    12%: r    -nan%, w    -nan%   
 14%: r    -nan%, w    -nan%    16%: r    -nan%, w    -nan%    17%: r    -nan%, w    -nan%    19%: r    -nan%, w    -nan%   
 20%: r    -nan%, w    -nan%    22%: r    -nan%, w    -nan%    23%: r    -nan%, w    -nan%    25%: r    -nan%, w    -nan%   
 27%: r    -nan%, w    -nan%    28%: r    -nan%, w    -nan%    30%: r    -nan%, w    -nan%    31%: r    -nan%, w    -nan%   
 33%: r    -nan%, w    -nan%    34%: r    -nan%, w    -nan%    36%: r    -nan%, w    -nan%    38%: r    -nan%, w    -nan%   
 39%: r    -nan%, w    -nan%    41%: r    -nan%, w    -nan%    42%: r    -nan%, w    -nan%    44%: r    -nan%, w    -nan%   
 45%: r    -nan%, w    -nan%    47%: r    -nan%, w    -nan%    48%: r    -nan%, w    -nan%    50%: r    -nan%, w    -nan%   
 52%: r    -nan%, w    -nan%    53%: r    -nan%, w    -nan%    55%: r    -nan%, w    -nan%    56%: r    -nan%, w    -nan%   
 58%: r    -nan%, w    -nan%    59%: r    -nan%, w    -nan%    61%: r    -nan%, w    -nan%    62%: r    -nan%, w    -nan%   
 64%: r    -nan%, w    -nan%    66%: r    -nan%, w    -nan%    67%: r    -nan%, w    -nan%    69%: r    -nan%, w    -nan%   
 70%: r    -nan%, w    -nan%    72%: r    -nan%, w    -nan%    73%: r    -nan%, w    -nan%    75%: r    -nan%, w    -nan%   
 77%: r    -nan%, w    -nan%    78%: r    -nan%, w    -nan%    80%: r    -nan%, w    -nan%    81%: r    -nan%, w    -nan%   
 83%: r    -nan%, w    -nan%    84%: r    -nan%, w    -nan%    86%: r    -nan%, w    -nan%    88%: r    -nan%, w    -nan%   
 89%: r    -nan%, w    -nan%    91%: r    -nan%, w    -nan%    92%: r    -nan%, w    -nan%    94%: r    -nan%, w    -nan%   
 95%: r    -nan%, w    -nan%    97%: r    -nan%, w    -nan%    98%: r    -nan%, w    -nan%   100%: r    -nan%, w    -nan%   
Host_DRAM_hit rate: 0.000000
Anyway_DRAM_hit rate: 0.925125
