2155
17592186048512
17592186060800
17592186064896
17592186068992
17592186073088
17592186077184
17592186081280
17592186085376
17592186089472
17592186093568
17592186097664
17592186101760
17592186105856
17592186109952
17592186114048
17592186118144
17592186122240
17592186126336
17592186130432
17592186134528
17592186138624
17592186142720
17592186146816
17592186150912
17592186155008
17592186159104
17592186163200
17592186167296
17592186171392
17592186175488
17592186179584
17592186187776
17592186191872
17592186208256
17592186224640
17592186249216
17592186277888
17592186281984
17592186286080
17592186327040
17592186359808
17592186363904
17592186368000
17592186372096
17592186380288
17592186384384
17592186388480
17592186392576
17592186499072
17592186507264
17592186515456
17592186519552
17592186531840
17592186544128
17592186548224
17592186560512
17592186564608
17592186568704
17592186589184
17592186593280
17592186605568
17592186609664
17592186613760
17592186617856
17592186621952
17592186626048
17592186630144
17592186642432
17592186658816
17592186662912
17592186667008
17592186671104
17592186675200
17592186687488
17592186691584
17592186699776
17592186703872
17592186728448
17592186736640
17592186748928
17592186761216
17592186765312
17592186810368
17592186818560
17592186822656
17592186834944
17592186843136
17592186863616
17592186880000
17592186892288
17592186896384
17592186904576
17592186949632
17592186966016
17592186982400
17592187011072
17592187015168
17592187023360
17592187043840
17592187076608
17592187084800
17592187097088
17592187101184
17592187105280
17592187109376
17592187113472
17592187121664
17592187125760
17592187129856
17592187133952
17592187146240
17592187150336
17592187154432
17592187162624
17592187166720
17592187170816
17592187179008
17592187183104
17592187244544
17592187248640
17592187265024
17592187269120
17592187273216
17592187277312
17592187281408
17592187289600
17592187293696
17592187297792
17592187301888
17592187326464
17592187342848
17592187371520
17592187375616
17592187379712
17592187387904
17592187392000
17592187396096
17592187412480
17592187416576
17592187420672
17592187424768
17592187428864
17592187445248
17592187482112
17592187514880
17592187531264
17592187555840
17592187572224
17592187596800
17592187600896
17592187633664
17592187637760
17592187662336
17592187682816
17592187686912
17592187691008
17592187760640
17592187764736
17592187768832
17592187772928
17592187781120
17592187785216
17592187797504
17592187809792
17592187813888
17592187817984
17592187826176
17592187834368
17592187838464
17592187842560
17592187846656
17592187850752
17592187863040
17592187879424
17592187883520
17592187887616
17592187899904
17592187916288
17592187920384
17592187924480
17592187932672
17592187936768
17592187940864
17592187957248
17592187994112
17592188002304
17592188010496
17592188022784
17592188026880
17592188030976
17592188039168
17592188043264
17592188055552
17592188059648
17592188067840
17592188071936
17592188084224
17592188088320
17592188092416
17592188100608
17592188112896
17592188157952
17592188162048
17592188166144
17592188170240
17592188190720
17592188194816
17592188198912
17592188207104
17592188211200
17592188215296
17592188219392
17592188223488
17592188227584
17592188231680
17592188235776
17592188243968
17592188264448
17592188276736
17592188280832
17592188284928
17592188321792
17592188325888
17592188329984
17592188334080
17592188338176
17592188342272
17592188346368
17592188350464
17592188362752
17592188370944
17592188375040
17592188379136
17592188416000
17592188420096
17592188424192
17592188432384
17592188440576
17592188444672
17592188456960
17592188461056
17592188465152
17592188473344
17592188481536
17592188506112
17592188522496
17592188530688
17592188538880
17592188542976
17592188547072
17592188567552
17592188571648
17592188579840
17592188583936
17592188588032
17592188604416
17592188608512
17592188649472
17592188653568
17592188657664
17592188661760
17592188665856
17592188669952
17592188674048
17592188678144
17592188686336
17592188719104
17592188747776
17592188751872
17592188755968
17592188788736
17592188821504
17592188837888
17592188841984
17592188854272
17592188858368
17592188862464
17592188874752
17592188882944
17592188891136
17592188932096
17592188940288
17592188944384
17592188948480
17592188956672
17592188968960
17592188973056
17592188977152
17592188981248
17592188985344
17592188989440
17592189353984
17592189362176
17592189370368
17592189382656
17592189644800
17592189677568
17592190148608
17592191725568
17592191729664
17592191803392
17592193024000
17592193441792
17592193445888
17592193560576
17592194134016
17592195018752
17592195022848
17592197464064
17592197480448
17592197484544
17592197562368
17592197582848
17592197644288
17592197660672
17592197693440
17592197709824
17592199114752
17592199376896
17592199380992
17592200110080
17592200114176
17592200462336
17592200466432
17592200806400
17592201543680
17592201900032
17592202055680
17592203284480
17592203743232
17592203747328
17592203816960
17592203821056
17592204324864
17592204328960
17592205672448
17592205676544
17592206757888
17592206819328
17592206831616
17592207179776
17592207859712
17592207921152
17592208109568
17592208113664
17592208564224
17592208568320
17592208703488
17592209420288
17592211156992
17592211480576
17592211484672
17592211791872
17592212066304
17592212893696
17592212897792
17592215339008
17592215343104
17592215756800
17592215937024
17592216338432
17592216342528
17592216465408
17592216662016
17592217018368
17592217288704
17592217313280
17592217370624
17592217980928
17592218001408
17592218021888
17592218025984
17592218058752
17592218062848
17592218169344
17592218173440
17592218238976
17592218509312
17592218996736
17592219000832
17592219271168
17592219811840
17592220368896
17592220495872
17592220610560
17592221655040
17592222560256
17592222691328
17592222916608
17592223002624
17592223252480
17592223395840
17592223444992
17592223510528
17592223588352
17592223592448
17592223625216
17592223973376
17592223977472
17592224002048
17592224206848
17592224210944
17592224403456
17592224964608
17592225083392
17592225157120
17592227880960
17592230973440
17592232226816
17592233705472
17592234287104
17592236048384
17592236101632
17592236367872
17592237989888
17592238592000
17592241508352
17592243171328
17592243175424
17592243200000
17592243204096
17592243208192
17592243240960
17592243245056
17592243347456
17592243351552
17592243355648
17592243458048
17592243462144
17592243466240
17592243478528
17592244510720
17592245600256
17592245645312
17592246935552
17592247934976
17592251854848
17592256196608
17592256200704
17592256679936
17592257409024
17592257495040
17592257642496
17592258027520
17592258293760
17592258297856
17592258453504
17592258641920
17592258805760
17592259178496
17592259567616
17592260304896
17592260321280
17592260460544
17592260857856
17592264372224
17592264761344
17592266903552
17592266924032
17592267190272
17592267194368
17592267399168
17592267444224
17592267468800
17592267915264
17592269914112
17592270708736
17592271745024
17592273051648
17592273539072
17592274300928
17592276033536
17592276037632
17592276828160
17592276832256
17592279343104
17592279818240
17592281006080
17592281194496
17592281464832
17592282599424
17592282763264
17592282812416
17592282984448
17592283336704
17592283439104
17592283848704
17592287920128
17592287977472
17592288374784
17592288530432
17592289054720
17592289435648
17592290213888
17592291213312
17592291471360
17592292589568
17592293040128
17592293044224
17592293158912
17592293408768
17592294047744
17592294281216
17592294293504
17592294305792
17592295112704
17592295157760
17592295739392
17592296390656
17592296398848
17592297734144
17592297975808
17592299462656
17592299491328
17592300965888
17592301162496
17592301166592
17592301244416
17592301826048
17592301867008
17592301871104
17592302006272
17592302026752
17592303108096
17592303398912
17592303681536
17592304283648
17592304365568
17592305524736
17592306434048
17592306454528
17592306700288
17592308137984
17592308199424
17592308416512
17592309383168
17592310468608
17592310472704
17592311513088
17592311660544
17592311664640
17592311791616
17592311861248
17592312078336
17592312086528
17592312090624
17592312111104
17592312123392
17592312643584
17592312651776
17592312655872
17592312823808
17592312827904
17592313171968
17592313266176
17592313442304
17592313446400
17592313880576
17592314003456
17592315224064
17592315228160
17592315486208
17592316116992
17592316305408
17592316456960
17592316567552
17592316571648
17592316604416
17592316649472
17592316653568
17592316710912
17592316940288
17592317005824
17592317341696
17592317370368
17592318484480
17592318488576
17592319029248
17592319754240
17592320262144
17592320266240
17592321425408
17592321429504
17592321646592
17592321650688
17592321654784
17592321978368
17592322412544
17592322871296
17592323805184
17592327450624
17592327454720
17592328298496
17592328691712
17592328695808
17592328728576
17592328912896
17592328941568
17592330649600
17592330653696
17592330752000
17592332357632
17592332361728
17592332951552
17592334061568
17592335147008
17592335151104
17592335183872
17592335192064
17592336216064
17592336220160
17592337162240
17592337526784
17592337711104
17592337715200
17592338186240
17592338337792
17592339873792
17592339877888
17592340676608
17592341020672
17592343121920
17592343400448
17592343404544
17592344473600
17592344477696
17592345026560
17592345100288
17592345313280
17592345960448
17592346009600
17592346435584
17592346673152
17592346845184
17592346849280
17592347570176
17592347574272
17592348684288
17592350195712
17592350695424
17592351477760
17592355266560
17592355373056
17592355852288
17592359849984
17592360910848
17592361263104
17592361705472
17592362987520
17592362991616
17592363130880
17592363487232
17592363831296
17592364949504
17592365232128
17592366985216
17592368091136
17592370221056
17592371888128
17592371892224
17592371974144
17592372957184
17592374157312
17592374411264
17592374415360
17592374894592
17592377233408
17592379207680
17592379318272
17592380022784
17592381100032
17592381456384
17592381460480
17592381628416
17592381632512
17592381808640
17592381972480
17592382803968
17592382808064
17592383016960
17592383111168
17592383496192
17592384270336
17592384757760
17592385028096
17592386224128
17592386473984
17592387805184
17592387821568
17592388825088
17592389623808
17592389849088
17592389959680
17592389963776
17592392474624
17592392478720
17592392998912
17592393138176
17592393506816
17592393695232
17592395268096
17592395702272
17592395829248
17592395935744
17592396238848
17592396496896
17592396636160
17592397336576
17592397340672
17592397365248
17592397537280
17592397541376
17592398557184
17592398725120
17592398901248
17592398974976
17592398979072
17592399343616
17592399921152
17592400396288
17592400420864
17592400424960
17592400461824
17592400592896
17592400822272
17592402042880
17592402231296
17592403419136
17592403730432
17592405225472
17592405680128
17592405684224
17592406589440
17592406593536
17592407027712
17592407937024
17592408379392
17592410677248
17592410755072
17592411389952
17592411885568
17592412082176
17592412364800
17592412454912
17592413806592
17592413929472
17592413933568
17592414322688
17592416124928
17592416477184
17592418492416
17592418496512
17592418930688
17592419602432
17592420048896
17592420057088
17592420757504
17592420810752
17592420839424
17592420843520
17592421736448
17592422227968
17592422600704
17592422608896
17592423215104
17592423309312
17592423313408
17592426635264
17592426639360
17592431280128
17592431874048
17592432463872
17592432496640
17592432611328
17592433139712
17592433143808
17592433627136
17592433631232
17592433737728
17592434249728
17592435023872
17592435298304
17592435642368
17592435646464
17592435650560
17592435789824
17592435851264
17592436027392
17592436031488
17592436035584
17592436367360
17592436371456
17592436387840
17592436391936
17592436400128
17592436465664
17592436469760
17592436514816
17592436633600
17592436645888
17592436793344
17592436809728
17592436813824
17592436830208
17592436850688
17592437026816
17592437030912
17592437116928
17592437121024
17592437141504
17592437145600
17592437153792
17592437223424
17592437227520
17592437231616
17592437252096
17592437256192
17592437284864
17592437288960
17592437317632
17592437321728
17592437334016
17592437350400
17592437358592
17592437366784
17592437391360
17592437403648
17592437567488
17592437596160
17592437600256
17592437661696
17592437796864
17592437800960
17592437858304
17592437862400
17592437870592
17592437903360
17592437907456
17592437911552
17592437915648
17592437948416
17592438145024
17592438149120
17592438218752
17592438239232
17592438243328
17592438312960
17592438321152
17592438325248
17592438329344
17592438370304
17592438382592
17592438407168
17592438423552
17592438431744
17592438444032
17592438456320
17592438460416
17592438468608
17592438472704
17592438476800
17592438480896
17592438484992
17592438489088
17592438497280
17592438509568
17592438525952
17592438534144
17592438550528
17592438558720
17592438571008
17592438579200
17592438583296
17592438603776
17592438607872
17592438611968
17592438620160
17592438624256
17592438632448
17592438640640
17592438648832
17592438652928
17592438669312
17592438673408
17592438685696
17592438706176
17592438710272
17592438714368
17592438718464
17592438722560
17592438726656
17592438763520
17592438775808
17592438812672
17592438816768
17592438829056
17592438841344
17592438915072
17592438919168
17592438931456
17592439021568
17592439025664
17592439033856
17592439037952
17592439136256
17592439140352
17592439148544
17592439152640
17592439160832
17592439164928
17592439185408
17592439189504
17592439193600
17592439197696
17592439214080
17592439218176
17592439230464
17592439259136
17592439279616
17592439283712
17592439365632
17592439373824
17592439382016
17592439386112
17592439451648
17592439508992
17592439513088
17592439517184
17592439529472
17592439541760
17592439545856
17592439554048
17592439558144
17592439570432
17592439574528
17592439582720
17592439623680
17592439652352
17592439660544
17592439664640
17592439668736
17592439726080
17592439771136
17592439775232
17592439783424
17592439787520
17592439812096
17592439816192
17592439832576
17592439840768
17592439844864
17592439906304
17592439910400
17592439930880
17592439934976
17592439943168
17592439947264
17592439955456
17592439959552
17592439967744
17592439971840
17592439984128
17592440037376
17592440074240
17592440119296
17592440217600
17592440242176
17592440393728
17592440418304
17592440451072
17592440475648
17592440512512
17592440537088
17592440545280
17592440549376
17592440553472
17592440639488
17592440643584
17592440647680
17592440655872
17592440659968
17592440688640
17592440692736
17592440696832
17592440709120
17592440713216
17592440737792
17592440741888
17592440745984
17592440750080
17592440758272
17592440762368
17592440786944
17592440799232
17592440803328
17592440807424
17592440840192
17592440844288
17592440918016
17592440922112
17592440963072
17592440987648
17592441004032
17592441008128
17592441024512
17592441028608
17592441126912
17592441135104
17592441188352
17592441200640
17592441233408
17592441245696
17592441257984
17592441262080
17592441282560
17592441286656
17592441315328
17592441319424
17592441323520
17592441327616
17592441331712
17592441335808
17592441339904
17592441352192
17592441372672
17592441380864
17592441495552
17592441499648
17592441503744
17592441540608
17592441585664
17592441602048
17592441606144
17592441638912
17592441647104
17592441765888
17592441769984
17592441778176
17592441782272
17592441806848
17592441819136
17592441823232
17592441839616
17592441843712
17592441909248
17592441913344
17592441917440
17592441925632
17592441987072
17592441991168
17592442015744
17592442019840
17592442023936
17592442028032
17592442150912
17592442155008
17592442200064
17592442273792
17592442286080
17592442302464
17592442343424
17592442355712
17592442372096
17592442376192
17592442413056
17592442417152
17592442437632
17592442441728
17592442482688
17592442507264
17592442511360
17592442527744
17592442589184
17592442605568
17592442609664
17592442626048
17592442630144
17592442634240
17592442646528
17592442650624
17592442679296
17592442695680
17592442707968
17592442712064
17592442798080
17592442810368
17592442830848
17592442834944
17592442839040
17592442843136
17592442855424
17592442859520
17592442875904
17592442880000
17592442904576
17592442978304
17592443027456
17592443031552
17592443047936
17592443080704
17592443105280
17592443109376
17592443113472
17592443117568
17592443129856
17592443154432
17592443158528
17592443174912
17592443187200
17592443191296
17592443248640
17592443252736
17592443256832
17592443293696
17592443297792
17592443379712
17592443408384
17592443461632
17592443465728
17592443510784
17592443514880
17592443518976
17592443531264
17592443539456
17592443547648
17592443568128
17592443572224
17592443600896
17592443613184
17592443625472
17592443629568
17592443650048
17592443654144
17592443809792
17592443813888
17592443817984
17592443834368
17592443887616
17592443904000
17592443928576
17592443932672
17592443990016
17592444006400
17592444030976
17592444035072
17592444125184
17592444133376
17592444141568
17592444145664
17592444211200
17592444219392
17592444223488
17592444227584
17592444260352
17592444309504
17592444350464
17592444395520
17592444399616
17592444444672
17592444481536
17592444538880
17592444547072
17592444551168
17592444559360
17592444563456
17592444620800
17592444678144
17592444682240
17592444706816
17592444719104
17592444751872
17592444801024
17592444805120
17592444841984
17592444858368
17592444882944
17592444891136
17592444895232
17592444907520
17592444911616
17592444928000
17592444940288
17592444948480
17592444952576
17592445059072
17592445165568
17592445169664
17592446742528
17592446988288
17592447143936
17592453267456
17592455634944
17592455639040
17592456548352
17592456552448
17592456605696
17592462823424
17592464162816
17592466104320
17592470802432
17592471101440
17592471433216
17592473632768
17592474202112
17592476225536
17592479047680
17592479068160
17592479084544
17592479088640
17592479092736
17592479166464
17592480780288
17592480784384
17592480788480
17592483770368
17592484052992
17592484212736
17592485158912
17592485163008
17592485171200
17592487084032
17592491237376
17592493117440
17592494501888
17592495128576
17592495665152
17592501231616
17592507473920
17592508149760
17592510001152
17592510849024
17592511414272
17592511836160
17592513097728
17592513318912
17592513978368
17592514883584
17592515231744
17592517861376
17592518492160
17592519831552
17592522895360
17592524488704
17592524492800
17592524959744
17592525152256
17592526090240
17592526938112
17592527081472
17592527179776
17592527659008
17592529764352
17592529768448
17592530386944
17592531570688
17592531845120
17592532045824
17592532561920
17592538021888
17592538435584
17592540557312
17592545210368
17592546467840
17592547053568
17592548651008
17592551591936
17592553684992
17592554192896
17592555274240
17592555302912
17592558538752
17592558915584
17592559431680
17592561881088
17592562425856
17592566865920
17592568610816
17592568619008
17592569991168
17592572715008
17592572719104
17592572723200
17592572952576
17592573353984
17592573485056
17592573489152
17592574107648
17592574980096
17592576839680
17592577048576
17592577527808
17592578260992
17592578265088
17592578347008
17592578605056
17592581599232
17592581738496
17592583356416
17592583585792
17592587583488
17592588525568
17592589111296
17592589316096
17592590020608
17592590127104
17592590131200
17592590688256
17592590798848
17592591486976
17592591491072
17592592134144
17592594337792
17592594493440
17592595714048
17592599035904
17592600444928
17592600449024
17592600801280
17592601149440
17592601157632
17592601772032
17592604184576
17592604872704
17592606998528
17592607002624
17592607215616
17592607518720
17592608661504
17592610209792
17592610213888
17592611614720
17592611635200
17592612720640
17592612839424
17592616095744
17592616968192
17592618373120
17592618790912
17592621576192
17592624254976
17592624275456
17592624279552
17592625782784
17592626864128
17592626896896
17592627507200
17592629768192
17592629772288
17592629952512
17592631615488
17592632299520
17592633253888
17592634232832
17592635326464
17592635740160
17592636350464
17592637304832
17592638836736
17592638840832
17592639799296
17592640180224
17592640598016
17592642080768
17592642088960
17592642678784
17592643604480
17592645140480
17592645251072
17592645255168
17592645259264
17592649003008
17592649691136
17592649695232
17592651149312
17592651681792
17592652009472
17592653152256
17592653406208
17592653422592
17592653561856
17592654073856
17592655183872
17592657567744
17592657571840
17592657600512
17592657604608
17592657854464
17592657969152
17592659841024
17592664014848
17592665088000
17592665141248
17592666578944
17592666632192
17592667029504
17592668213248
17592668487680
17592668495872
17592669667328
17592669962240
17592672165888
17592674463744
17592674951168
17592677335040
17592677679104
17592680460288
17592680947712
17592682229760
17592682233856
17592682315776
17592682319872
17592682422272
17592683388928
17592683507712
17592686092288
17592689831936
17592694648832
17592695484416
17592696205312
17592696209408
17592696934400
17592700264448
17592702263296
17592704634880
17592704643072
17592705097728
17592706551808
17592706560000
17592707186688
17592707280896
17592708194304
17592715100160
17592722018304
17592727875584
17592728518656
17592728526848
17592728543232
17592729387008
17592732520448
17592736092160
17592736419840
17592736509952
17592736514048
17592737480704
17592738189312
17592741076992
17592742924288
17592746565632
17592747954176
17592752238592
17592755822592
17592756531200
17592756535296
17592759422976
17592759549952
17592763637760
17592765616128
17592765620224
17592766398464
17592769118208
17592769323008
17592770908160
17592771682304
17592773406720
17592777605120
17592778268672
17592781180928
17592786350080
17592786612224
17592787169280
17592787763200
17592788180992
17592788221952
17592788226048
17592788324352
17592788328448
17592788332544
17592788340736
17592788344832
17592788385792
17592788422656
17592788475904
17592788480000
17592788484096
17592788488192
17592788492288
17592788496384
17592788500480
17592788504576
17592788508672
17592788512768
17592788516864
17592788520960
17592788525056
17592788529152
17592788533248
17592788537344
17592788541440
17592788545536
17592788549632
17592788553728
17592788557824
17592788561920
17592788566016
17592788570112
17592788574208
17592788578304
17592788582400
17592788586496
17592788590592
17592788594688
17592788598784
17592788602880
17592788606976
17592788611072
17592788615168
17592788619264
17592788623360
17592788627456
17592788631552
17592788635648
17592788639744
17592788643840
17592788647936
17592788652032
17592788656128
17592788660224
17592788664320
17592788668416
17592788672512
17592788676608
17592788680704
17592788684800
17592788688896
17592788692992
17592788697088
17592788701184
17592788705280
17592788709376
17592788713472
17592788717568
17592788721664
17592788725760
17592788729856
17592788733952
17592788738048
17592788742144
17592788746240
17592788750336
17592788754432
17592788758528
17592788762624
17592788766720
17592788770816
17592788774912
17592788779008
17592788783104
17592788787200
17592788791296
17592788795392
17592788832256
17592788836352
17592792424448
17592793509888
17592793513984
17592793518080
17592793522176
17592793526272
17592793530368
17592793542656
17592793546752
17592793550848
17592793554944
17592793559040
17592793567232
17592793571328
17592793575424
17592793579520
17592793583616
17592793587712
17592793591808
17592793595904
17592793600000
17592793604096
17592793608192
17592793612288
17592793616384
17592793620480
17592793624576
17592793632768
17592793636864
17592793645056
17592793649152
17592793653248
17592793657344
17592793661440
17592793665536
17592793669632
17592793673728
17592793677824
17592793681920
17592793686016
17592793690112
17592793694208
17592793698304
17592793702400
17592793706496
17592793710592
17592793714688
17592793718784
17592793722880
17592793726976
17592793731072
17592793735168
17592793739264
17592793743360
17592793747456
17592793751552
17592793755648
17592793759744
17592793763840
17592793767936
17592793772032
17592793776128
17592793780224
17592793784320
17592793788416
17592793792512
17592793796608
17592793800704
17592793804800
17592793808896
17592793812992
17592793817088
17592793821184
17592793825280
17592793829376
17592793833472
17592793837568
17592793841664
17592793845760
17592793849856
17592793853952
17592793858048
17592793862144
17592793866240
17592793870336
17592793874432
17592793878528
17592793882624
17592793886720
17592795316224
17592795320320
17592795348992
17592795353088
17592795369472
17592795373568
17592795377664
17592795381760
17592795385856
17592795389952
17592795394048
17592795398144
17592795439104
17592795459584
17592795463680
17592795467776
17592795508736
17592795512832
17592795516928
17592795533312
17592795537408
17592795541504
17592795545600
17592795582464
17592795586560
17592795590656
17592795594752
17592795598848
17592795602944
17592795607040
17592795611136
17592795615232
17592795619328
17592795623424
17592795627520
17592795631616
17592795635712
17592795639808
17592795643904
17592795648000
17592795684864
17592795688960
17592795705344
17592795713536
17592795717632
17592795746304
17592795758592
17592795762688
17592795766784
17592795770880
17592795774976
17592795779072
17592795783168
17592795787264
17592795791360
17592795795456
17592795799552
17592795803648
17592795807744
17592795824128
17592795828224
17592795832320
17592795836416
17592795840512
17592795860992
17592795865088
17592795869184
17592795873280
17592795877376
17592795881472
17592795885568
17592795889664
17592795893760
17592795897856
17592795901952
17592795914240
17592795918336
17592795922432
17592796000256
17592796004352
17592796008448
17592796012544
17592796024832
17592796028928
17592796033024
17592796061696
17592796065792
17592796069888
17592796073984
17592796078080
17592796082176
17592796086272
17592796090368
17592796094464
17592796106752
17592796110848
17592796114944
17592796119040
17592796151808
17592796155904
17592796160000
17592796164096
17592796168192
17592796172288
17592796176384
17592796180480
17592796184576
17592796188672
17592796192768
17592796196864
17592796205056
17592796213248
17592796217344
17592796221440
17592796225536
17592796229632
17592796233728
17592796237824
17592796241920
17592796246016
17592796250112
17592796258304
17592796262400
17592796266496
17592796270592
17592796274688
17592796278784
17592796282880
17592796286976
17592796291072
17592796295168
17592796299264
17592796303360
17592796307456
17592796311552
17592796315648
17592796319744
17592796323840
17592796327936
17592796332032
17592796336128
17592796340224
17592796344320
17592796348416
17592796352512
17592796356608
17592796360704
17592796364800
17592796368896
17592796372992
17592796377088
17592796381184
17592796385280
17592796389376
17592796393472
17592796397568
17592796401664
17592796405760
17592796409856
17592796413952
17592796418048
17592796422144
17592796426240
17592796430336
17592796434432
17592796438528
17592796442624
17592796454912
17592796471296
17592796475392
17592796479488
17592796483584
17592796487680
17592796491776
17592796495872
17592796499968
17592796504064
17592796508160
17592796512256
17592796516352
17592796520448
17592796524544
17592796528640
17592796532736
17592796536832
17592796540928
17592796549120
17592796553216
17592796557312
17592796561408
17592796565504
17592796569600
17592796573696
17592796577792
17592796581888
17592796585984
17592796590080
17592796594176
17592796598272
17592796602368
17592796606464
17592796610560
17592796614656
17592796618752
17592796622848
17592796626944
17592796631040
17592796635136
17592796639232
17592796647424
17592796651520
17592796655616
17592796659712
17592796663808
17592796672000
17592796676096
17592796680192
17592796684288
17592796692480
17592796696576
17592796712960
17592796717056
17592796721152
17592796725248
17592796729344
17592796733440
17592796737536
17592796741632
17592796745728
17592796749824
17592796753920
17592796758016
17592796762112
17592796770304
17592796774400
17592796778496
17592796798976
17592796803072
17592796807168
17592796811264
17592796815360
17592796819456
17592796823552
17592796827648
17592796831744
17592796835840
17592796839936
17592796844032
17592796848128
17592796852224
17592796856320
17592796860416
17592796864512
17592796868608
17592796872704
17592796876800
17592796880896
17592796884992
17592796889088
17592796893184
17592796897280
17592796913664
17592797036544
17592797077504
17592797081600
17592797085696
17592797089792
17592797093888
17592797097984
17609365909504
94470902206464
94470902267904
94470902329344
94470902337536
94470904496128
94470904500224
94470929743872
94470929747968
94470929756160
94470929760256
94470929764352
94470929768448
94470929772544
94470929776640
94470929780736
94470929784832
94470929793024
94470929797120
94470929801216
94470929805312
139808097697792
139808126304256
139808126349312
139808126353408
139808126377984
139808126382080
139808126386176
139808126390272
139808126394368
139808126398464
139808126402560
139808126406656
139808126410752
139808126414848
139808126418944
139808126423040
139808126427136
139808126431232
139808126435328
139808126439424
139808126443520
139808126447616
139808126451712
139808126455808
139808126459904
139808126464000
139808126468096
139808126472192
139808126476288
139808126480384
139808126484480
139808126488576
139808126492672
139808126496768
139808126500864
139808126504960
139808126509056
139808126513152
139808164806656
139808193085440
139808193216512
139808193302528
139808193306624
139808193310720
139808193327104
139808193331200
139808193335296
139808193339392
139808193343488
139808193347584
139808193351680
139808193355776
139808193359872
139808193363968
139808193368064
139808193372160
139808193376256
139808193380352
139808193384448
139808193388544
139808193392640
139808193396736
139808193400832
139808193404928
139808193409024
139808193413120
139808193417216
139808193421312
139808193425408
139808193429504
139808193433600
139808193437696
139808193441792
139808193445888
139808193449984
139808193454080
139808231915520
139808260161536
139808260464640
139808260472832
139808260476928
139808260489216
139808260493312
139808260497408
139808260501504
139808260505600
139808260509696
139808260513792
139808260517888
139808260521984
139808260526080
139808260530176
139808260534272
139808260538368
139808260542464
139808260546560
139808260550656
139808260554752
139808260558848
139808260562944
139808260567040
139808260571136
139808260575232
139808260579328
139808260583424
139808260587520
139808260591616
139808260595712
139808260599808
139808260603904
139808260608000
139808260612096
139808260616192
139808260620288
139808299024384
139808327790592
139808327950336
139808327954432
139808327958528
139808327962624
139808327970816
139808327974912
139808327979008
139808327983104
139808327987200
139808327991296
139808327995392
139808327999488
139808328003584
139808328007680
139808328011776
139808328015872
139808328019968
139808328024064
139808328028160
139808328032256
139808328036352
139808328040448
139808328044544
139808328048640
139808328052736
139808328056832
139808328060928
139808328065024
139808328069120
139808328073216
139808328077312
139808328081408
139808328085504
139808328089600
139808328093696
139818700898304
139818700902400
139818700906496
139818700914688
139818835116032
139818835120128
139818835124224
139818835132416
139818835267584
139818969333760
139818969337856
139818969341952
139818969350144
139818969468928
139819103551488
139819103555584
139819103559680
139819103567872
139819379023872
139819379027968
139819379032064
139819404206080
139819404210176
139819404214272
139819439935488
139819439939584
139819439943680
139819657633792
139819657637888
139819657641984
139819756138496
139819758239744
139819760349184
139819797721088
139831527845888
139831527849984
139831527895040
139831527911424
139831527919616
139831527944192
139831527968768
139831527972864
139831530246144
139831530250240
139831530258432
139831530262528
139831530266624
139831530270720
139831530283008
139831532969984
139831532990464
139831831093248
139831831097344
139831833444352
139831833448448
139831833464832
139831833473024
139831833477120
139831833481216
139831833489408
139831833493504
139834090160128
140731383304192
71014
