SkyByte-C|AstriFlash-CXL|SkyByte-CT|SkyByte-CP|SkyByte-WCT|SkyByte-Full

bc
1412277700.000 206433837.000 207084908.000 205627327.000 204318600.000 203890624.000

bfs-dense
74871461.000 71478847.000 72871461.000 68626075.000 49534729.000 43571295.000

dlrm
3455546511.000 2255546511.000 2555546511.000 1889745673.000 750324263.000 515964136.000

radix
914801534.000 907480702.000 904801374.000 904009294.000 438384762.000 367553660.000

srad
480982691.000 484087277.000 460982691.000 401734771.000 266481456 193264103.000

tpcc
104353969.000 88177411.000 89849981.000 88177411.000 88693770.000 88059886.000

ycsb
3583959167.000 911679771.000 911354673.000 910033171.000 897645231.000 869705867.000

geo. mean
1.0 0.56999 0.57934 0.53728 0.38143 0.32872

