8(Skybyte-WP)|16|24|32|40|48

bc       
  3476.829   3559.205   3607.414   3781.334   3899.232   4020.067

bfs-dense
  25459.517  48214.245  71144.234   106242.233  124143.151 132661.477

dlrm
  3097.003  3105.245   3215.902   3221.931    3228.007   3236.337

radix    
  4391.940   4463.000   4388.154   4558.633   4452.802   4463.165

srad     
 22459.517  38214.245  49144.234   66242.233  84143.151 102661.477

tpcc     
 18678.514  25219.582  27653.513  28041.496  28900.394  28980.843

ycsb   
  3328.136   3396.798   3428.270   3452.028   3457.704   3470.634

