8|16|24|32|40|48

bc       
  3476.829   3559.205   3607.414   3781.334   3899.232   4020.067

bfs-dense
  3097.003        nan        nan   3121.931        nan   3136.337

radix    
  4891.940        nan   4388.154   4558.633   4452.802   4463.165

srad     
 22459.517        nan        nan        nan  84143.151 102661.477

tpcc     
 18678.514  25219.582  27653.513  28041.496  28900.394  28580.843

ycsb-a   
  3328.136   3396.798   3428.270        nan   3457.704   3470.634

ycsb-b   
       nan        nan        nan        nan        nan        nan