BaseType3 | FlatFlash-CXL | SkyByte-W | SkyByte-WP | SkyByte-Full

bfs-twitter
844.096248 584.595996 346.426700 249.180381 108.977633 

bc-twitter
3257.523280 404.624883 1955.483407 226.111006 157.482726 

dlrm-inference
778.976891 384.761713 325.786229 207.668342 84.318825 

fft
355.344525 275.876148 350.249477 320.906687 122.092276 

radix
410.579607 378.354484 331.845697 315.205782 98.183802 

ycsb-nstore
787.103752 634.816746 283.869036 233.075014 117.175924 

tpcc-nstore
311.147117 250.884704 345.724314 118.954383 86.894666 

