64MB | 128MB | 256MB | 512MB | 1GB | 2GB | 4GB | 8GB

bfs-twitter
68992.041195 52054.434456 36218.871703 31292.795189 28296.614366 25401.905243 19174.204129 715.482628 

bc-twitter
789887.102748 621720.407116 357251.134643 139322.543065 54444.937941 19103.211714 3522.729568 171.612150 

dlrm-inference
22728.673249 17349.803501 19790.963026 16597.607899 15779.234779 14309.086894 8485.852878 974.746912 

fft
362094.393412 102384.485161 10489.183073 9007.080631 9866.683467 7983.552986 7381.407693 4393.143564 

radix
14959.228996 14945.549905 14913.102112 14852.257587 14700.083647 14257.528601 13020.299319 1845.244984 

ycsb-nstore
33854.214283 24466.120303 23314.746970 21764.713049 19105.702212 14887.726492 8215.847848 1325.358255 

tpcc-nstore
6867.667030 3379.059817 2201.246863 1485.244956 986.514097 726.739509 607.314000 457.893052 

