BaseType3 | FlatFlash-CXL | SkyByte-W | SkyByte-WP | SkyByte-Full

bfs-twitter
43.313820 30.101500 18.149024 12.733555 17.136425 
49 

bc-twitter
2107.866923 271.312455 1267.994412 149.163299 256.117460 
48 

dlrm-inference
169.337543 83.646847 70.832793 45.167610 64.499423 
34 

fft
150.299886 124.376121 150.934934 122.121097 118.957240 
43 

radix
108.668372 100.043639 87.306294 83.386356 63.922050 
53 

ycsb-nstore
135.966424 109.776900 49.138863 40.671742 53.698421 
54 

tpcc-nstore
72.798928 59.181073 80.882753 28.091079 40.061987 
63 

