DRAM Memory | Baseline CXL-SSD

bfs-dense
1.5497216058569463 0.2470928416488361
2.510401346703064 0.29026778761883887
2.7554267667080614 0.2828487920282014

bc-sparse
1.7068168123516316 0.061626116063834654 
2.858749866756864  0.48438897805203773
4.180848667165464  0.6243167788631816
                    

dlrm-training
0.7500856927819232 0.07903731879386958 
2.4237698914087145 0.13827106175722484
4.741726022156101  0.235060805165121

radix
1.7811964845995893 0.24845300390459768 
1.4294847605557648 0.6021424452322445
2.62302141916584   0.6623566916131013

srad
1.741716296365307 0.6625364170199617 
3.5269508469557476 0.5736583785181876
5.082716227283783 0.5339507766750343

ycsb
1.144823623823985 0.2159203312722476 
1.7819081473602119 0.49559840114643
2.163215115747831 0.639128148635633

tpcc
0.755340906605718 0.3069215473255101
0.9098814158397827  0.3055054214967086 
1.5848732614622272  0.4123138393670539
