BaseType3 | FlatFlash-CXL | SkyByte-W | SkyByte-WP

bfs-twitter
80719.11089035143 79747.04666594148 5681.822186329931 5654.7878483555105 5153.233734316389 

bc-twitter
83636.94752085194 68971.54731023617 7304.825186381593 5020.874300732176 4844.260101813251 

dlrm-inference
80328.30938585033 69519.84231737148 5862.25966352894 5362.900533013443 5384.007462053761 

fft
66672.9388757721 59775.09430418382 5294.72049689441 4028.3555289540627 4043.6215215054995 

radix
69011.55641970069 72028.86539011146 55202.26685332759 4618.410774263427 4926.320997031692 

ycsb-nstore
79463.93153704634 75424.58274840118 4671.5824701195215 5853.52987012987 5409.5065983802915 

tpcc-nstore
57711.08641764253 83815.3906866614 61501.93152552644 5220.002979848773 5093.169799299139 

