BaseType3 | FlatFlash-CXL | SkyByte-W | SkyByte-WP

bfs-twitter
19796.764293562686 4737.455768751557 4045.5277070661587 4112.97192537976 4089.7165234474587 

bc-twitter
78064.67653818223 3638.0197403738225 5403.317413711734 4068.442228533691 3843.3007921983476 

dlrm-inference
10964.165761138003 3884.763921410459 3967.989630938273 3785.0372558094014 3796.1266830123045 

fft
466.74628589427266 2263.949135002465 2908.435960591133 2957.5143854817293 2214.4160911587087 

radix
3881.058422243405 3672.065635438343 3840.6982905753075 3511.841645640661 3572.961091520129 

ycsb-nstore
18035.639396346305 4561.762490268449 3844.559645492718 3934.543573649998 3854.6861100644446 

tpcc-nstore
401.0832222175924 1338.7445887445888 2620.5520032375557 1785.1788738475166 1605.7314691959605 

